1.00 174.00 1.00 0.67 0.36 0.25 0.29 0.31 0.39 0.39 0.39 0.37 0.35 0.36 0.34 0.33 0.34 0.33 0.32 0.30 0.29
3.00 8.00 0.00 0.17 0.18 0.25 0.19 0.23 0.19 0.22 0.20 0.17 0.16 0.14 0.13 0.12 0.11 0.11 0.10 0.09 0.09
5.00 175.00 1.00 0.33 0.18 0.12 0.14 0.15 0.13 0.11 0.10 0.11 0.10 0.09 0.08 0.09 0.08 0.08 0.09 0.08 0.08
6.00 4.00 0.00 0.00 0.09 0.12 0.10 0.08 0.06 0.06 0.05 0.04 0.04 0.04 0.03 0.03 0.04 0.04 0.04 0.03 0.03
7.00 3.00 1.00 0.17 0.27 0.19 0.14 0.12 0.10 0.08 0.07 0.07 0.06 0.05 0.05 0.05 0.04 0.04 0.04 0.03 0.03
8.00 18.00 1.00 1.00 0.82 0.88 0.86 0.69 0.58 0.50 0.44 0.39 0.35 0.32 0.30 0.27 0.25 0.24 0.22 0.21 0.20
15.00 1.00 1.00 0.17 0.09 0.06 0.05 0.04 0.03 0.03 0.02 0.02 0.02 0.02 0.02 0.02 0.01 0.01 0.01 0.01 0.01
17.00 1.00 1.00 0.17 0.09 0.06 0.05 0.04 0.03 0.03 0.02 0.02 0.02 0.02 0.02 0.02 0.01 0.01 0.01 0.01 0.01
18.00 10.00 1.00 0.83 0.82 0.62 0.48 0.38 0.32 0.28 0.24 0.22 0.20 0.18 0.16 0.15 0.14 0.13 0.12 0.12 0.11
19.00 23.00 0.00 0.00 0.00 0.06 0.05 0.08 0.06 0.06 0.07 0.07 0.08 0.09 0.08 0.08 0.08 0.09 0.10 0.09 0.09
20.00 1.00 0.00 0.17 0.09 0.06 0.05 0.04 0.03 0.03 0.02 0.02 0.02 0.02 0.02 0.02 0.01 0.01 0.01 0.01 0.01
21.00 3.00 0.00 0.33 0.27 0.19 0.14 0.12 0.10 0.08 0.07 0.07 0.06 0.05 0.05 0.05 0.04 0.04 0.04 0.03 0.03
24.00 22.00 0.00 0.17 0.18 0.12 0.14 0.19 0.23 0.28 0.29 0.26 0.27 0.27 0.30 0.33 0.31 0.29 0.27 0.26 0.24
25.00 39.00 0.00 0.50 0.27 0.31 0.33 0.35 0.29 0.33 0.34 0.37 0.33 0.30 0.30 0.27 0.28 0.29 0.27 0.26 0.26
28.00 2.00 1.00 0.33 0.18 0.12 0.10 0.08 0.06 0.06 0.05 0.04 0.04 0.04 0.03 0.03 0.03 0.03 0.02 0.02 0.02
30.00 27.00 0.00 0.17 0.36 0.31 0.43 0.42 0.45 0.47 0.46 0.48 0.45 0.45 0.44 0.41 0.38 0.36 0.33 0.31 0.30
31.00 4.00 1.00 0.67 0.36 0.25 0.19 0.15 0.13 0.11 0.10 0.09 0.08 0.07 0.07 0.06 0.06 0.05 0.05 0.05 0.04
34.00 238.00 0.00 0.67 0.55 0.56 0.67 0.69 0.61 0.61 0.59 0.61 0.59 0.59 0.59 0.58 0.56 0.57 0.54 0.53 0.52
37.00 13.00 0.00 0.00 0.18 0.25 0.29 0.27 0.29 0.25 0.24 0.22 0.22 0.21 0.20 0.18 0.17 0.17 0.16 0.15 0.14
39.00 2.00 1.00 0.17 0.18 0.12 0.10 0.08 0.06 0.06 0.05 0.04 0.04 0.04 0.03 0.03 0.03 0.03 0.02 0.02 0.02
41.00 4.00 0.00 0.33 0.36 0.25 0.19 0.15 0.13 0.11 0.10 0.09 0.08 0.07 0.07 0.06 0.06 0.05 0.05 0.05 0.04
46.00 2.00 1.00 0.33 0.18 0.12 0.10 0.08 0.06 0.06 0.05 0.04 0.04 0.04 0.03 0.03 0.03 0.03 0.02 0.02 0.02
49.00 3.00 1.00 0.50 0.27 0.19 0.14 0.12 0.10 0.08 0.07 0.07 0.06 0.05 0.05 0.05 0.04 0.04 0.04 0.03 0.03
50.00 1.00 1.00 0.17 0.09 0.06 0.05 0.04 0.03 0.03 0.02 0.02 0.02 0.02 0.02 0.02 0.01 0.01 0.01 0.01 0.01
51.00 1.00 0.00 0.17 0.09 0.06 0.05 0.04 0.03 0.03 0.02 0.02 0.02 0.02 0.02 0.02 0.01 0.01 0.01 0.01 0.01
54.00 1.00 0.00 0.17 0.09 0.06 0.05 0.04 0.03 0.03 0.02 0.02 0.02 0.02 0.02 0.02 0.01 0.01 0.01 0.01 0.01
55.00 3.00 0.00 0.00 0.27 0.19 0.14 0.12 0.10 0.08 0.07 0.07 0.06 0.05 0.05 0.05 0.04 0.04 0.04 0.03 0.03
57.00 19.00 0.00 0.33 0.45 0.50 0.57 0.54 0.52 0.53 0.46 0.41 0.37 0.34 0.31 0.29 0.27 0.25 0.23 0.22 0.21
61.00 7.00 1.00 1.00 0.64 0.44 0.33 0.27 0.23 0.19 0.17 0.15 0.14 0.12 0.11 0.11 0.10 0.09 0.09 0.08 0.08
62.00 42.00 0.00 0.17 0.18 0.25 0.29 0.23 0.35 0.36 0.39 0.35 0.33 0.32 0.30 0.27 0.27 0.29 0.30 0.30 0.31
63.00 6.00 0.00 0.00 0.00 0.06 0.05 0.08 0.10 0.11 0.15 0.13 0.12 0.11 0.10 0.09 0.08 0.08 0.07 0.07 0.07
64.00 1.00 1.00 0.17 0.09 0.06 0.05 0.04 0.03 0.03 0.02 0.02 0.02 0.02 0.02 0.02 0.01 0.01 0.01 0.01 0.01
66.00 252.00 0.00 0.33 0.18 0.19 0.24 0.19 0.19 0.19 0.17 0.15 0.16 0.16 0.16 0.17 0.17 0.20 0.20 0.20 0.22
68.00 1.00 1.00 0.17 0.09 0.06 0.05 0.04 0.03 0.03 0.02 0.02 0.02 0.02 0.02 0.02 0.01 0.01 0.01 0.01 0.01
69.00 2.00 0.00 0.00 0.18 0.12 0.10 0.08 0.06 0.06 0.05 0.04 0.04 0.04 0.03 0.03 0.03 0.03 0.02 0.02 0.02
71.00 10.00 0.00 0.33 0.27 0.31 0.29 0.35 0.32 0.28 0.24 0.22 0.20 0.18 0.16 0.15 0.14 0.13 0.12 0.12 0.11
72.00 6.00 0.00 0.00 0.09 0.06 0.24 0.23 0.19 0.17 0.15 0.13 0.12 0.11 0.10 0.09 0.08 0.08 0.07 0.07 0.07
75.00 14.00 0.00 0.33 0.45 0.56 0.48 0.46 0.45 0.39 0.34 0.30 0.27 0.25 0.23 0.21 0.20 0.18 0.17 0.16 0.15
76.00 8.00 0.00 0.17 0.36 0.44 0.33 0.31 0.26 0.22 0.20 0.17 0.16 0.14 0.13 0.12 0.11 0.11 0.10 0.09 0.09
77.00 12.00 0.00 0.17 0.27 0.25 0.33 0.31 0.32 0.33 0.29 0.26 0.24 0.21 0.20 0.18 0.17 0.16 0.15 0.14 0.13
82.00 34.00 0.00 0.17 0.09 0.06 0.10 0.08 0.06 0.06 0.05 0.04 0.04 0.04 0.03 0.03 0.04 0.04 0.04 0.03 0.04
83.00 19.00 1.00 0.17 0.18 0.19 0.29 0.27 0.32 0.33 0.32 0.28 0.33 0.32 0.31 0.29 0.27 0.25 0.23 0.22 0.21
85.00 23.00 0.00 0.17 0.18 0.25 0.33 0.31 0.39 0.42 0.49 0.48 0.45 0.41 0.38 0.35 0.32 0.30 0.28 0.27 0.25
86.00 1.00 1.00 0.17 0.09 0.06 0.05 0.04 0.03 0.03 0.02 0.02 0.02 0.02 0.02 0.02 0.01 0.01 0.01 0.01 0.01
87.00 1.00 1.00 0.17 0.09 0.06 0.05 0.04 0.03 0.03 0.02 0.02 0.02 0.02 0.02 0.02 0.01 0.01 0.01 0.01 0.01
89.00 34.00 1.00 0.50 0.64 0.50 0.48 0.42 0.45 0.44 0.41 0.43 0.47 0.46 0.46 0.47 0.44 0.45 0.42 0.40 0.37
90.00 2.00 1.00 0.33 0.18 0.12 0.10 0.08 0.06 0.06 0.05 0.04 0.04 0.04 0.03 0.03 0.03 0.03 0.02 0.02 0.02
91.00 1.00 1.00 0.17 0.09 0.06 0.05 0.04 0.03 0.03 0.02 0.02 0.02 0.02 0.02 0.02 0.01 0.01 0.01 0.01 0.01
92.00 1.00 0.00 0.17 0.09 0.06 0.05 0.04 0.03 0.03 0.02 0.02 0.02 0.02 0.02 0.02 0.01 0.01 0.01 0.01 0.01
94.00 26.00 0.00 0.50 0.45 0.31 0.29 0.27 0.29 0.33 0.32 0.30 0.29 0.32 0.31 0.30 0.31 0.32 0.31 0.30 0.29
96.00 25.00 0.00 0.50 0.36 0.25 0.24 0.19 0.19 0.22 0.24 0.24 0.24 0.23 0.25 0.23 0.24 0.22 0.23 0.23 0.25
97.00 2.00 1.00 0.33 0.18 0.12 0.10 0.08 0.06 0.06 0.05 0.04 0.04 0.04 0.03 0.03 0.03 0.03 0.02 0.02 0.02
98.00 26.00 0.00 0.33 0.27 0.25 0.29 0.27 0.26 0.22 0.20 0.17 0.16 0.14 0.13 0.15 0.17 0.16 0.16 0.16 0.15
