1.00 174.00 0.01 0.02 0.02 0.02 0.03 0.05 0.07 0.08 0.09 0.10 0.10 0.11 0.12 0.13 0.14 0.14 0.15 0.15 0.15
3.00 8.00 0.00 0.12 0.25 0.50 0.50 0.75 0.75 1.00 1.00 1.00 1.00 1.00 1.00 1.00 1.00 1.00 1.00 1.00 1.00
5.00 175.00 0.01 0.01 0.01 0.01 0.02 0.02 0.02 0.02 0.02 0.03 0.03 0.03 0.03 0.03 0.03 0.03 0.04 0.04 0.04
6.00 4.00 0.00 0.00 0.25 0.50 0.50 0.50 0.50 0.50 0.50 0.50 0.50 0.50 0.50 0.50 0.75 0.75 0.75 0.75 0.75
7.00 3.00 0.33 0.33 1.00 1.00 1.00 1.00 1.00 1.00 1.00 1.00 1.00 1.00 1.00 1.00 1.00 1.00 1.00 1.00 1.00
8.00 18.00 0.06 0.33 0.50 0.78 1.00 1.00 1.00 1.00 1.00 1.00 1.00 1.00 1.00 1.00 1.00 1.00 1.00 1.00 1.00
15.00 1.00 1.00 1.00 1.00 1.00 1.00 1.00 1.00 1.00 1.00 1.00 1.00 1.00 1.00 1.00 1.00 1.00 1.00 1.00 1.00
17.00 1.00 1.00 1.00 1.00 1.00 1.00 1.00 1.00 1.00 1.00 1.00 1.00 1.00 1.00 1.00 1.00 1.00 1.00 1.00 1.00
18.00 10.00 0.10 0.50 0.90 1.00 1.00 1.00 1.00 1.00 1.00 1.00 1.00 1.00 1.00 1.00 1.00 1.00 1.00 1.00 1.00
19.00 23.00 0.00 0.00 0.00 0.04 0.04 0.09 0.09 0.09 0.13 0.13 0.17 0.22 0.22 0.22 0.26 0.30 0.35 0.35 0.35
20.00 1.00 0.00 1.00 1.00 1.00 1.00 1.00 1.00 1.00 1.00 1.00 1.00 1.00 1.00 1.00 1.00 1.00 1.00 1.00 1.00
21.00 3.00 0.00 0.67 1.00 1.00 1.00 1.00 1.00 1.00 1.00 1.00 1.00 1.00 1.00 1.00 1.00 1.00 1.00 1.00 1.00
24.00 22.00 0.00 0.05 0.09 0.09 0.14 0.23 0.32 0.45 0.55 0.55 0.64 0.68 0.82 1.00 1.00 1.00 1.00 1.00 1.00
25.00 39.00 0.00 0.08 0.08 0.13 0.18 0.23 0.23 0.31 0.36 0.44 0.44 0.44 0.46 0.46 0.51 0.56 0.56 0.56 0.62
28.00 2.00 0.50 1.00 1.00 1.00 1.00 1.00 1.00 1.00 1.00 1.00 1.00 1.00 1.00 1.00 1.00 1.00 1.00 1.00 1.00
30.00 27.00 0.00 0.04 0.15 0.19 0.33 0.41 0.52 0.63 0.70 0.81 0.85 0.93 1.00 1.00 1.00 1.00 1.00 1.00 1.00
31.00 4.00 0.25 1.00 1.00 1.00 1.00 1.00 1.00 1.00 1.00 1.00 1.00 1.00 1.00 1.00 1.00 1.00 1.00 1.00 1.00
34.00 238.00 0.00 0.02 0.03 0.04 0.06 0.08 0.08 0.09 0.10 0.12 0.13 0.14 0.15 0.16 0.17 0.18 0.18 0.19 0.20
37.00 13.00 0.00 0.00 0.15 0.31 0.46 0.54 0.69 0.69 0.77 0.77 0.85 0.92 0.92 0.92 0.92 1.00 1.00 1.00 1.00
39.00 2.00 0.50 0.50 1.00 1.00 1.00 1.00 1.00 1.00 1.00 1.00 1.00 1.00 1.00 1.00 1.00 1.00 1.00 1.00 1.00
41.00 4.00 0.00 0.50 1.00 1.00 1.00 1.00 1.00 1.00 1.00 1.00 1.00 1.00 1.00 1.00 1.00 1.00 1.00 1.00 1.00
46.00 2.00 0.50 1.00 1.00 1.00 1.00 1.00 1.00 1.00 1.00 1.00 1.00 1.00 1.00 1.00 1.00 1.00 1.00 1.00 1.00
49.00 3.00 0.33 1.00 1.00 1.00 1.00 1.00 1.00 1.00 1.00 1.00 1.00 1.00 1.00 1.00 1.00 1.00 1.00 1.00 1.00
50.00 1.00 1.00 1.00 1.00 1.00 1.00 1.00 1.00 1.00 1.00 1.00 1.00 1.00 1.00 1.00 1.00 1.00 1.00 1.00 1.00
51.00 1.00 0.00 1.00 1.00 1.00 1.00 1.00 1.00 1.00 1.00 1.00 1.00 1.00 1.00 1.00 1.00 1.00 1.00 1.00 1.00
54.00 1.00 0.00 1.00 1.00 1.00 1.00 1.00 1.00 1.00 1.00 1.00 1.00 1.00 1.00 1.00 1.00 1.00 1.00 1.00 1.00
55.00 3.00 0.00 0.00 1.00 1.00 1.00 1.00 1.00 1.00 1.00 1.00 1.00 1.00 1.00 1.00 1.00 1.00 1.00 1.00 1.00
57.00 19.00 0.00 0.11 0.26 0.42 0.63 0.74 0.84 1.00 1.00 1.00 1.00 1.00 1.00 1.00 1.00 1.00 1.00 1.00 1.00
61.00 7.00 0.14 0.86 1.00 1.00 1.00 1.00 1.00 1.00 1.00 1.00 1.00 1.00 1.00 1.00 1.00 1.00 1.00 1.00 1.00
62.00 42.00 0.00 0.02 0.05 0.10 0.14 0.14 0.26 0.31 0.38 0.38 0.40 0.43 0.43 0.43 0.45 0.52 0.57 0.62 0.67
63.00 6.00 0.00 0.00 0.00 0.17 0.17 0.33 0.50 0.67 1.00 1.00 1.00 1.00 1.00 1.00 1.00 1.00 1.00 1.00 1.00
64.00 1.00 1.00 1.00 1.00 1.00 1.00 1.00 1.00 1.00 1.00 1.00 1.00 1.00 1.00 1.00 1.00 1.00 1.00 1.00 1.00
66.00 252.00 0.00 0.01 0.01 0.01 0.02 0.02 0.02 0.03 0.03 0.03 0.03 0.04 0.04 0.04 0.05 0.06 0.06 0.07 0.08
68.00 1.00 1.00 1.00 1.00 1.00 1.00 1.00 1.00 1.00 1.00 1.00 1.00 1.00 1.00 1.00 1.00 1.00 1.00 1.00 1.00
69.00 2.00 0.00 0.00 1.00 1.00 1.00 1.00 1.00 1.00 1.00 1.00 1.00 1.00 1.00 1.00 1.00 1.00 1.00 1.00 1.00
71.00 10.00 0.00 0.20 0.30 0.50 0.60 0.90 1.00 1.00 1.00 1.00 1.00 1.00 1.00 1.00 1.00 1.00 1.00 1.00 1.00
72.00 6.00 0.00 0.00 0.17 0.17 0.83 1.00 1.00 1.00 1.00 1.00 1.00 1.00 1.00 1.00 1.00 1.00 1.00 1.00 1.00
75.00 14.00 0.00 0.14 0.36 0.64 0.71 0.86 1.00 1.00 1.00 1.00 1.00 1.00 1.00 1.00 1.00 1.00 1.00 1.00 1.00
76.00 8.00 0.00 0.12 0.50 0.88 0.88 1.00 1.00 1.00 1.00 1.00 1.00 1.00 1.00 1.00 1.00 1.00 1.00 1.00 1.00
77.00 12.00 0.00 0.08 0.25 0.33 0.58 0.67 0.83 1.00 1.00 1.00 1.00 1.00 1.00 1.00 1.00 1.00 1.00 1.00 1.00
82.00 34.00 0.00 0.03 0.03 0.03 0.06 0.06 0.06 0.06 0.06 0.06 0.06 0.06 0.06 0.06 0.09 0.09 0.09 0.09 0.12
83.00 19.00 0.05 0.05 0.11 0.16 0.32 0.37 0.53 0.63 0.68 0.68 0.89 0.95 1.00 1.00 1.00 1.00 1.00 1.00 1.00
85.00 23.00 0.00 0.04 0.09 0.17 0.30 0.35 0.52 0.65 0.87 0.96 1.00 1.00 1.00 1.00 1.00 1.00 1.00 1.00 1.00
86.00 1.00 1.00 1.00 1.00 1.00 1.00 1.00 1.00 1.00 1.00 1.00 1.00 1.00 1.00 1.00 1.00 1.00 1.00 1.00 1.00
87.00 1.00 1.00 1.00 1.00 1.00 1.00 1.00 1.00 1.00 1.00 1.00 1.00 1.00 1.00 1.00 1.00 1.00 1.00 1.00 1.00
89.00 34.00 0.03 0.09 0.21 0.24 0.29 0.32 0.41 0.47 0.50 0.59 0.71 0.76 0.82 0.91 0.91 1.00 1.00 1.00 1.00
90.00 2.00 0.50 1.00 1.00 1.00 1.00 1.00 1.00 1.00 1.00 1.00 1.00 1.00 1.00 1.00 1.00 1.00 1.00 1.00 1.00
91.00 1.00 1.00 1.00 1.00 1.00 1.00 1.00 1.00 1.00 1.00 1.00 1.00 1.00 1.00 1.00 1.00 1.00 1.00 1.00 1.00
92.00 1.00 0.00 1.00 1.00 1.00 1.00 1.00 1.00 1.00 1.00 1.00 1.00 1.00 1.00 1.00 1.00 1.00 1.00 1.00 1.00
94.00 26.00 0.00 0.12 0.19 0.19 0.23 0.27 0.35 0.46 0.50 0.54 0.58 0.69 0.73 0.77 0.85 0.92 0.96 1.00 1.00
96.00 25.00 0.00 0.12 0.16 0.16 0.20 0.20 0.24 0.32 0.40 0.44 0.48 0.52 0.60 0.60 0.68 0.68 0.76 0.80 0.92
97.00 2.00 0.50 1.00 1.00 1.00 1.00 1.00 1.00 1.00 1.00 1.00 1.00 1.00 1.00 1.00 1.00 1.00 1.00 1.00 1.00
98.00 26.00 0.00 0.08 0.12 0.15 0.23 0.27 0.31 0.31 0.31 0.31 0.31 0.31 0.31 0.38 0.46 0.46 0.50 0.54 0.54
