505
55
648
621
501
212
352
49
238
515
124
3
41
95
827
545
835
469
122
98
145
493
96
491
552
115
0
197
671
105
278
14
522
255
513
997
10
702
120
124
190
640
811
342
63
298
309
98
234
483
330
596
309
0
112
57
278
380
129
96
314
327
314
207
328
219
81
170
262
734
163
96
94
596
629
195
648
407
225
312
329
1198
522
206
208
350
442
678
201
300
49
496
41
329
59
72
335
178
182
270
23
199
329
210
1004
118
132
171
431
470
508
317
96
129
647
63
664
686
219
654
201
942
37
567
1142
666
284
589
1115
413
295
321
245
180
281
272
307
177
577
396
999
1279
264
191
232
134
71
212
81
27
262
3
112
351
258
1100
314
456
796
313
212
317
51
201
93
254
121
234
24
511
665
206
352
268
339
150
234
68
666
473
38
255
114
71
427
284
677
523
1044
169
376
6
624
284
307
327
174
80
639
816
512
1443
140
49
47
664
468
652
404
703
230
388
562
315
129
306
172
724
133
521
1099
724
23
271
216
857
796
255
243
150
201
10
180
496
349
428
1099
633
98
178
6
10
166
55
1028
420
18
161
115
942
1110
238
518
243
302
306
319
373
623
282
422
163
311
49
352
509
297
49
683
581
282
219
668
98
796
674
178
254
190
473
705
185
94
27
635
1335
719
652
112
190
474
934
510
510
124
701
0
329
298
245
509
313
171
584
234
49
477
804
15
98
473
93
686
24
63
817
219
522
71
7
49
1423
10
296
245
271
328
131
648
724
724
72
85
939
217
740
519
270
313
206
220
96
509
620
394
77
207
152
189
309
114
724
179
207
816
98
272
474
120
41
907
204
652
121
474
224
64
49
1082
363
220
934
1516
324
80
167
153
210
235
98
49
418
169
173
352
158
487
21
13
470
196
243
235
104
320
98
202
604
596
889
466
191
398
200
67
45
413
237
731
515
736
640
376
171
502
141
520
8
463
169
22
231
169
81
463
222
553
822
92
221
219
992
671
18
13
8
472
1180
182
472
3
426
264
996
77
476
100
647
282
1001
11
317
72
234
423
673
740
225
97
38
191
493
129
754
131
257
311
278
269
270
6
171
178
22
1100
473
173
237
621
802
11
46
10
1110
170
200
483
134
219
0
193
1252
165
1377
634
707
457
66
254
13
1099
10
180
117
226
314
98
75
70
285
214
1082
109
991
499
315
588
427
49
1109
474
323
199
265
398
189
170
21
459
596
171
144
740
867
281
24
887
816
596
387
521
96
49
68
148
230
1029
207
380
93
217
107
208
299
178
288
342
427
553
1054
487
1023
212
955
404
121
473
352
119
889
171
55
49
509
88
398
30
329
58
194
502
141
340
224
266
171
165
211
231
59
465
508
579
167
198
543
850
214
910
88
742
352
740
328
521
651
955
151
308
490
85
94
284
994
929
167
589
335
180
621
418
889
197
158
71
425
211
0
1078
655
742
804
566
515
931
656
186
114
596
994
426
650
373
556
179
41
243
520
273
884
577
516
182
1079
473
196
294
171
124
201
666
98
523
1281
46
85
138
860
96
514
540
107
289
188
816
13
96
423
1078
96
312
169
124
205
131
418
407
960
1002
262
44
174
698
220
234
353
11
599
115
170
743
475
109
398
512
754
85
282
1082
98
312
483
406
532
55
288
427
584
265
90
311
194
151
124
265
474
298
600
188
736
309
1046
107
468
469
191
306
418
180
770
283
997
173
319
268
14
918
67
313
309
581
543
301
373
183
8
468
218
134
151
602
120
1254
484
39
315
224
420
297
163
245
742
166
754
59
303
418
361
314
712
1329
159
647
71
521
1195
290
430
199
51
457
278
148
476
193
87
780
11
148
98
490
213
71
272
170
303
471
93
60
285
184
205
862
744
513
30
703
279
490
90
490
352
671
1082
174
644
438
172
1187
311
1526
147
324
156
7
87
324
654
466
1335
1330
734
1086
11
280
656
208
23
505
860
11
70
286
27
131
477
325
427
495
820
126
169
254
188
492
290
409
648
59
959
553
30
606
329
400
299
186
46
67
171
398
860
24
223
186
648
90
1128
25
133
279
472
496
0
509
54
566
177
83
210
201
208
84
649
87
216
234
87
278
466
140
46
10
694
44
307
255
884
223
150
607
188
342
780
414
234
6
776
118
502
532
297
0
123
161
948
87
845
0
21
171
184
30
907
397
586
98
559
311
740
743
158
229
889
682
93
121
98
255
11
27
232
96
492
54
171
1051
362
957
266
960
403
131
428
362
27
306
2
49
124
93
309
176
411
213
255
213
55
281
220
590
671
430
178
1438
309
438
171
284
931
996
255
77
1023
202
30
99
226
248
954
279
94
207
388
425
406
93
488
231
114
731
202
964
148
105
1499
647
226
184
190
352
575
349
428
298
482
1004
302
298
505
131
618
213
980
352
278
38
431
475
219
237
427
426
161
184
87
207
427
281
586
262
734
291
15
94
479
352
80
289
272
474
181
182
465
503
7
96
485
631
1178
519
315
1082
796
150
167
303
515
596
634
185
1086
206
7
321
97
255
416
95
352
863
10
571
1133
556
474
278
482
617
512
501
509
213
195
296
975
272
429
182
296
8
8
140
505
289
576
501
1051
428
1136
698
279
584
297
1250
98
255
517
581
296
59
225
422
319
355
543
77
230
274
115
925
201
468
87
246
55
504
1351
333
113
288
483
114
733
331
748
210
719
420
32
10
500
11
428
141
470
561
285
121
992
741
323
252
1032
381
235
507
635
685
604
351
161
6
207
698
422
188
1501
231
3
264
411
426
512
151
87
207
96
352
925
746
596
247
23
69
668
415
475
183
218
0
869
561
269
6
147
403
285
1051
65
468
38
294
1198
765
380
400
264
134
174
242
293
502
569
296
512
692
1012
329
1101
11
514
666
712
377
776
325
158
324
1041
499
400
11
7
442
418
207
399
523
413
431
24
199
14
242
342
169
59
515
731
502
278
255
242
24
502
63
271
1154
427
94
236
171
182
465
398
457
461
193
95
625
27
138
299
71
14
763
272
634
128
157
361
468
621
7
581
183
188
268
51
742
170
158
63
314
182
3
426
644
64
188
714
581
148
317
883
692
302
105
446
307
476
381
624
205
466
399
632
280
49
712
98
220
724
298
205
182
152
197
839
1026
114
479
505
522
190
59
644
64
93
97
922
205
647
644
429
118
475
77
112
71
7
907
474
478
654
70
55
65
118
333
282
603
141
584
97
49
196
239
354
459
510
687
702
285
166
424
8
199
319
738
1096
939
98
525
23
138
362
644
1100
218
311
702
1460
178
294
3
397
215
208
949
223
7
30
230
11
471
41
270
460
267
245
426
281
285
654
641
655
154
287
309
1056
49
309
188
452
581
473
206
177
29
629
426
173
299
470
343
11
9
63
193
21
902
179
477
324
553
658
674
483
472
94
41
423
488
163
903
1115
96
743
734
265
578
683
273
621
652
597
314
12
597
880
158
503
231
169
132
86
312
1079
743
398
716
201
166
279
423
219
584
561
728
742
313
362
278
124
1106
1030
191
54
94
21
264
72
170
863
284
192
10
493
21
1225
68
740
427
303
298
218
404
205
455
418
87
1113
0
9
635
578
1010
155
46
148
129
761
159
187
254
49
41
270
98
531
179
113
185
98
172
215
133
10
174
239
1110
171
44
148
213
171
495
754
148
174
61
149
14
10
727
648
129
208
468
329
469
596
196
980
695
857
113
97
479
221
188
999
238
447
309
624
169
770
586
188
746
124
748
8
355
227
314
411
555
194
556
90
478
193
734
466
473
783
429
71
187
342
543
306
208
318
181
272
263
282
71
388
502
201
341
836
589
1012
648
2
290
134
268
315
1200
21
264
523
753
503
118
740
5
314
94
424
19
178
1148
647
170
50
561
207
299
430
1145
166
703
142
1258
473
644
513
743
270
762
644
255
318
314
329
98
26
134
87
285
522
494
648
87
514
467
738
406
152
183
69
54
418
178
86
522
473
413
783
905
367
472
96
1035
192
754
313
221
836
55
743
1082
69
264
712
644
743
540
868
68
469
1019
315
173
692
81
185
170
804
414
99
468
89
115
199
868
147
254
870
199
430
199
86
215
613
522
0
522
181
1148
474
748
556
61
206
377
189
303
430
77
523
206
281
94
388
575
206
180
505
1146
154
474
159
734
3
297
507
499
343
188
170
234
284
77
59
120
199
621
584
0
169
279
342
1265
509
330
362
1051
1034
465
170
648
152
189
132
225
755
474
171
217
815
278
442
279
129
298
3
206
488
523
876
288
225
216
430
468
318
845
237
238
174
165
1002
77
218
220
92
122
86
165
518
271
97
290
219
170
100
309
427
145
184
280
477
686
780
357
489
14
509
213
188
63
32
58
284
366
53
49
780
290
41
394
992
324
222
637
86
836
216
298
294
227
118
185
647
81
324
302
113
68
208
27
1132
86
169
577
428
296
77
202
141
288
109
314
255
1175
178
8
201
499
96
63
174
243
182
215
168
1161
624
834
388
442
219
584
192
320
671
314
158
255
338
183
917
95
309
245
296
49
106
675
1096
231
464
230
88
187
1199
14
552
621
69
481
213
428
187
158
153
653
87
24
296
273
49
754
186
268
134
24
427
422
947
44
428
171
177
692
732
928
335
227
581
298
955
465
633
270
183
635
388
293
1351
114
168
6
37
96
229
131
180
264
1258
466
176
245
169
682
1034
77
165
97
169
69
173
388
922
655
121
149
418
14
1442
342
178
77
3
836
21
525
513
194
429
289
521
1200
880
270
561
12
180
698
132
731
644
388
329
208
423
387
867
487
312
262
159
292
95
87
190
98
266
41
272
124
289
476
494
121
641
21
173
685
254
1096
247
188
155
96
1054
584
25
521
168
561
465
588
267
1004
157
201
473
80
255
169
171
212
141
1156
178
547
502
183
44
747
237
1035
566
495
299
290
30
206
32
1027
1104
322
30
218
509
762
422
50
547
650
243
215
414
93
174
265
166
729
298
518
151
701
646
728
380
468
414
122
234
463
231
413
1355
538
172
255
281
189
728
214
49
608
172
620
219
144
671
156
507
341
381
403
191
414
515
55
596
218
746
683
11
11
959
6
183
1188
760
296
303
307
199
22
955
639
357
375
158
698
247
473
845
132
364
55
663
166
505
94
468
478
262
273
423
1025
188
374
1414
96
86
271
278
629
296
93
282
737
504
922
161
678
185
300
114
498
927
438
765
543
668
38
187
115
255
195
677
26
166
615
89
620
270
271
1091
288
312
81
733
21
208
63
740
314
131
918
268
165
734
41
77
384
138
217
894
952
600
167
698
523
30
379
502
478
96
474
418
220
465
105
97
30
30
208
181
165
265
1414
199
63
163
1079
316
352
506
644
96
490
22
315
1078
150
170
957
621
282
129
867
672
1078
311
31
495
483
516
185
783
68
522
422
140
63
234
185
509
1219
151
463
508
474
225
465
422
151
414
77
163
867
254
266
58
27
458
95
243
331
173
466
683
543
193
140
388
98
430
32
275
741
81
917
98
279
194
1078
57
166
452
1082
1034
734
314
657
217
1001
398
375
520
529
282
1078
318
477
282
721
115
922
196
322
1090
473
540
1186
77
932
1001
6
875
80
690
191
224
50
836
296
1001
55
382
81
141
171
200
641
620
115
161
150
15
199
271
178
600
854
517
182
63
990
584
352
262
145
239
468
207
321
604
307
227
329
296
21
1082
95
600
734
724
329
235
98
728
208
285
793
581
734
380
220
269
781
68
81
478
227
245
173
284
188
1219
507
255
85
380
342
9
853
174
456
576
209
141
482
268
728
377
98
584
415
746
69
98
173
98
579
509
236
210
753
1553
87
176
867
994
267
171
18
118
427
124
169
519
677
1199
219
6
509
893
297
197
63
129
996
114
323
501
462
98
1005
647
167
914
87
175
397
68
77
293
418
97
302
134
50
181
613
1239
191
600
150
783
11
868
141
738
158
298
352
124
1023
282
1032
49
467
618
355
702
514
199
598
200
114
124
399
30
319
510
700
118
63
1139
290
420
174
126
581
804
7
235
658
837
170
1032
173
0
189
124
224
264
98
60
209
1166
132
466
1034
130
86
182
285
187
475
575
11
140
493
412
494
783
272
584
206
85
312
158
388
13
342
201
201
889
68
53
207
158
281
203
63
63
178
724
168
227
147
171
992
98
279
1056
342
1335
362
141
980
107
55
130
431
272
652
68
170
472
553
503
644
145
329
468
97
104
96
49
397
98
271
327
380
770
324
118
178
95
1115
15
125
129
210
285
272
96
149
606
428
225
96
86
94
97
626
178
16
783
248
553
70
521
293
1054
700
654
468
179
513
333
176
262
840
571
69
980
538
109
285
184
329
1012
845
524
219
201
2
191
74
188
300
220
315
94
44
298
468
200
309
138
286
49
98
529
255
37
838
79
208
609
121
427
199
165
297
171
1001
55
14
388
596
273
247
85
710
208
41
120
411
755
375
165
504
30
1074
207
21
392
184
77
300
324
596
32
87
294
724
243
311
540
569
124
81
264
54
190
492
473
504
155
486
700
63
201
120
1082
198
388
284
71
521
190
914
86
192
399
720
165
0
400
1256
228
734
298
403
1124
895
11
1182
231
138
80
54
219
596
108
456
57
239
255
589
394
845
612
272
188
878
150
476
131
290
80
262
43
94
49
600
428
278
600
280
234
169
515
15
297
97
329
654
226
192
384
287
615
125
471
289
307
148
158
380
418
889
41
129
171
68
602
154
140
16
98
63
0
627
222
290
474
673
100
327
1003
9
264
72
129
69
114
11
1121
503
170
515
502
1032
178
427
468
428
129
999
517
99
529
192
298
176
647
446
7
248
388
641
1046
171
994
178
93
124
289
620
327
384
538
202
220
955
212
677
416
626
483
742
183
911
1051
201
114
242
512
745
284
844
732
320
836
183
303
845
289
444
683
512
324
53
97
748
351
543
734
329
740
113
235
377
1090
400
521
252
284
522
65
816
314
468
309
624
264
298
284
1197
928
179
130
929
85
3
312
41
234
172
124
443
314
98
492
189
298
124
862
469
16
192
648
220
727
197
478
303
279
482
109
6
380
178
468
264
1455
491
518
182
254
482
85
219
477
278
172
712
265
169
121
883
225
27
225
298
191
225
622
18
235
504
960
156
997
255
201
403
74
278
189
93
464
338
418
238
1423
1088
231
144
55
700
118
391
208
997
438
55
620
278
922
9
314
197
59
115
283
1007
284
171
94
49
422
85
596
1380
296
84
477
960
576
77
6
104
1044
94
65
156
844
140
264
780
724
87
473
690
192
178
265
173
785
291
177
162
351
96
876
230
540
516
171
32
282
205
235
0
423
207
501
282
220
658
196
181
141
147
1091
1175
1056
63
172
844
236
476
1254
63
727
500
889
181
1007
68
96
55
734
169
265
207
461
427
298
905
239
1250
6
0
508
10
132
255
532
96
493
206
308
192
197
483
272
12
184
126
599
677
743
192
177
649
207
232
414
21
176
178
234
49
270
121
173
596
49
312
562
504
298
871
281
438
255
483
423
112
210
268
255
728
179
298
182
238
41
171
41
171
212
1279
504
81
278
424
521
0
124
109
112
93
324
413
88
264
98
225
6
646
1032
100
298
288
58
1170
999
194
608
148
227
1012
622
652
190
596
701
166
27
114
223
363
671
7
171
211
213
490
320
176
442
895
416
93
181
351
653
656
289
285
230
307
883
854
492
596
652
47
212
561
153
132
469
724
427
49
131
783
224
624
889
225
748
373
219
220
294
280
197
219
280
682
927
382
772
265
677
81
738
465
335
130
314
194
430
231
5
216
27
361
377
470
124
193
45
505
552
21
199
358
300
618
114
624
96
173
508
169
505
262
492
406
123
309
255
621
178
519
836
702
973
0
318
173
234
543
98
114
178
314
120
314
640
68
598
199
1061
170
81
562
472
269
743
317
103
460
270
685
234
505
948
10
330
180
618
473
79
115
477
584
178
995
493
731
226
93
268
0
254
121
974
428
477
473
195
197
690
156
4
207
719
524
515
734
169
424
5
624
938
23
521
290
151
187
12
144
267
521
312
303
231
171
96
499
12
184
485
75
10
85
230
303
477
802
409
151
87
639
204
424
177
100
651
1249
218
468
397
169
497
811
96
11
515
272
307
118
1027
154
9
46
707
129
482
208
41
173
738
640
307
91
309
543
797
597
455
113
131
547
270
177
584
466
278
240
96
1145
303
65
1366
170
666
1201
96
6
405
504
205
177
254
493
362
227
282
52
633
267
685
315
643
213
88
522
273
473
1318
298
150
1240
412
650
492
207
540
290
523
154
325
71
783
126
465
178
472
523
548
172
210
192
999
196
462
478
477
579
1455
309
255
575
540
32
426
140
312
134
55
199
6
680
418
739
479
734
68
194
94
98
49
405
148
464
677
1001
700
0
495
307
460
220
18
403
214
231
599
1180
863
93
422
184
195
98
7
178
41
460
929
596
271
212
505
109
133
465
311
236
49
196
147
644
314
672
468
380
243
272
262
324
10
13
206
307
1
98
205
252
403
666
324
1205
620
282
309
176
13
151
561
329
196
11
734
158
619
158
63
468
206
1104
772
273
264
783
152
880
816
329
171
589
234
892
255
169
498
895
431
521
438
272
202
65
508
81
63
124
479
98
89
852
68
1019
581
170
0
685
128
422
8
85
648
177
201
909
430
1090
23
176
294
183
338
299
514
910
324
91
290
479
679
191
171
753
147
575
41
1023
264
671
148
171
468
166
50
147
122
49
375
52
201
89
797
418
2
171
1154
285
207
124
391
49
731
893
422
409
650
55
934
227
259
1019
427
182
202
21
949
510
210
488
516
654
150
266
49
0
174
596
338
194
7
202
68
84
270
333
269
753
31
427
173
477
521
94
463
375
185
517
678
279
173
569
682
50
743
279
783
952
325
462
27
230
158
475
465
58
255
215
85
521
844
498
875
11
683
2
295
973
492
268
77
177
744
732
400
113
121
469
538
174
63
724
329
462
230
1079
99
996
677
49
180
772
1249
701
86
385
178
6
772
282
24
581
114
49
85
98
200
656
182
740
169
351
731
608
805
505
174
49
89
201
49
255
335
118
294
77
804
87
653
727
382
84
1114
236
422
194
474
540
16
400
294
747
131
930
265
931
132
94
685
69
234
914
192
312
97
284
38
804
224
376
106
87
436
231
148
287
123
315
1109
834
471
267
63
1023
178
27
738
312
63
77
51
415
195
264
465
85
219
77
138
193
177
232
173
63
680
150
748
178
55
154
505
271
254
740
181
129
739
3
1115
296
282
485
59
470
297
232
415
377
314
80
112
281
0
596
150
235
342
174
298
702
521
279
131
62
867
471
126
380
744
188
75
289
397
109
719
171
315
473
470
49
413
322
992
555
192
352
509
151
541
7
213
175
180
713
518
1252
86
239
600
303
265
311
376
124
1042
193
64
703
179
510
131
30
629
118
507
423
154
845
732
230
157
651
93
0
30
1377
867
207
1198
220
297
319
208
949
490
311
95
151
1060
193
295
492
118
360
182
77
485
215
213
60
131
689
235
327
420
195
235
1282
307
193
1029
173
129
98
596
942
179
118
1177
400
552
377
707
298
159
131
194
391
68
172
21
183
1146
234
285
472
11
206
616
188
0
3
474
315
284
281
185
466
409
272
21
409
98
1067
144
30
504
739
1139
196
465
312
502
249
426
254
262
747
544
150
282
323
192
352
511
411
6
193
201
69
506
597
746
551
330
94
430
538
131
477
98
192
627
199
114
6
254
296
342
575
397
199
584
98
418
272
149
493
754
1131
232
55
178
168
465
114
427
490
271
32
1182
296
804
8
118
512
1054
850
98
429
418
130
561
272
578
1438
742
96
1216
1056
545
361
96
37
133
689
836
324
418
683
412
285
309
652
81
978
243
247
322
492
178
955
1044
218
47
68
427
118
227
374
581
531
340
298
202
186
165
279
1046
254
55
380
506
644
318
478
18
487
210
914
307
192
880
132
98
234
154
650
243
121
169
95
654
329
648
0
87
299
1034
55
523
561
770
502
559
215
248
55
182
98
648
54
478
77
68
677
422
173
472
907
276
97
544
268
300
290
740
474
295
335
415
170
923
156
18
1023
677
469
208
199
55
1006
515
90
664
300
180
387
929
68
473
180
284
1414
284
772
289
816
576
511
679
265
314
113
248
548
654
212
255
178
704
205
1084
300
407
724
220
703
1363
284
883
729
296
3
643
201
187
678
69
541
251
424
678
216
94
134
11
678
183
6
98
281
465
11
98
687
41
469
940
418
698
193
584
169
198
411
772
289
109
521
194
319
692
81
49
685
97
64
300
161
254
98
144
77
55
288
375
220
71
738
194
66
235
509
182
10
98
109
45
579
843
158
151
202
198
910
748
192
615
907
0
27
298
290
77
544
863
677
47
470
500
242
338
476
160
41
484
328
465
0
197
452
314
650
112
1028
653
75
104
612
635
532
296
1247
1100
331
96
201
198
397
335
89
787
737
27
288
207
653
1041
222
1082
179
576
296
16
1383
49
14
456
171
178
131
489
118
199
734
561
920
429
54
193
193
459
400
105
477
1032
671
349
81
55
282
129
208
205
935
113
817
1279
306
521
633
225
188
199
309
284
262
297
184
357
1115
265
144
362
474
91
25
352
70
188
510
868
239
1100
414
158
315
678
1429
166
373
157
58
621
335
299
623
235
172
246
169
468
319
173
150
1044
178
306
422
294
743
200
508
999
150
703
468
197
324
176
15
264
242
96
97
8
144
121
589
508
745
176
80
140
388
426
59
188
24
183
271
470
290
243
306
867
698
46
267
164
312
225
627
118
140
889
68
12
576
429
279
199
298
456
124
95
182
21
543
272
474
96
3
170
24
170
141
502
55
63
67
490
264
373
140
1553
438
11
527
490
161
167
867
234
561
49
740
207
124
296
27
783
63
517
1180
118
1056
170
30
518
171
141
1187
255
284
220
271
477
176
477
431
49
196
3
183
85
49
7
286
56
234
512
883
747
66
32
481
212
46
461
0
179
422
179
625
56
41
522
709
187
462
141
184
296
577
311
420
327
524
724
8
442
11
21
11
747
213
192
141
27
732
184
32
307
464
89
183
315
154
335
255
1431
124
387
55
22
469
13
80
255
6
118
5
176
98
727
311
231
375
255
408
780
185
284
303
113
265
329
81
1219
199
140
245
179
9
773
459
158
96
999
601
118
596
575
281
473
473
187
55
87
698
176
884
154
259
999
397
1121
199
477
247
907
486
400
300
3
49
376
561
200
254
1175
285
141
268
506
96
193
272
223
278
428
77
234
68
398
509
157
992
654
844
438
49
178
469
3
271
740
1218
473
364
314
656
11
845
311
234
134
329
77
917
1132
352
352
909
967
271
140
146
247
120
121
525
98
569
314
220
1172
171
727
54
575
738
509
302
780
612
424
53
342
0
567
10
648
586
66
206
1001
77
217
1107
264
510
206
298
523
377
112
282
191
650
58
328
440
93
575
446
651
180
945
14
112
84
453
49
317
47
239
147
787
126
148
288
867
299
502
1178
154
867
400
169
264
0
647
492
505
208
314
189
96
264
322
689
176
98
502
282
184
166
644
10
66
49
169
438
1006
626
496
523
1057
85
496
342
324
282
517
360
65
549
109
77
335
733
10
41
318
144
282
703
96
420
278
512
576
105
278
475
399
307
740
492
575
196
129
199
69
193
138
653
312
314
147
149
1034
284
11
114
174
121
314
252
165
596
738
653
242
387
208
212
999
480
405
71
234
406
478
10
309
141
945
352
656
362
624
333
105
471
114
188
173
282
481
596
540
468
234
999
58
420
400
495
515
224
129
77
843
4
747
185
0
427
516
57
282
306
284
55
12
702
282
414
686
478
141
175
1051
502
297
86
468
418
188
254
414
259
167
590
1023
376
495
120
181
743
65
403
992
254
764
308
327
540
352
96
1177
329
734
698
279
397
239
314
119
308
131
131
160
263
380
215
477
152
284
95
627
430
353
27
519
41
315
1166
584
999
254
145
289
333
996
173
637
290
513
169
158
738
509
49
734
317
428
342
596
282
673
207
474
124
176
294
205
198
728
178
559
1006
25
108
172
509
797
335
575
177
40
229
1109
420
645
320
80
269
87
754
282
486
474
314
203
154
740
63
617
298
89
271
51
124
1054
212
1106
422
255
297
271
182
12
10
64
1001
115
502
7
474
406
418
731
131
177
1008
324
266
140
21
163
754
289
740
158
49
210
98
131
411
115
132
515
773
169
478
301
525
540
74
493
318
207
311
511
490
148
1170
262
478
712
139
590
239
200
206
344
177
555
465
255
992
278
95
509
129
678
49
537
318
270
910
409
333
314
96
216
324
225
267
114
783
1121
158
231
113
220
1256
55
128
854
259
171
640
362
8
49
220
125
282
543
141
255
1429
199
100
309
678
23
173
763
213
87
225
68
264
478
324
272
584
184
199
430
1026
129
497
957
403
191
342
184
731
1072
626
10
220
547
461
195
30
296
469
455
154
712
8
622
918
191
3
265
707
63
1147
166
50
428
167
309
165
677
215
243
1194
738
159
245
77
234
96
373
521
72
55
124
171
596
178
352
498
185
303
49
11
59
1252
328
590
242
125
306
627
11
375
883
88
724
307
740
314
259
296
297
222
639
65
293
1341
264
640
26
380
773
215
756
414
687
95
87
213
55
314
507
488
514
183
418
133
428
194
1006
413
282
171
703
49
581
0
123
265
459
408
223
270
177
264
734
63
647
461
0
335
8
172
170
74
227
160
278
11
1116
285
366
773
296
134
335
285
59
354
199
802
521
836
399
27
309
11
996
133
93
4
14
941
49
350
172
754
521
269
42
606
704
490
205
129
438
169
221
188
194
211
20
492
328
79
224
474
91
148
87
289
63
734
473
16
657
894
282
524
351
458
475
1036
51
500
114
151
309
268
476
131
728
499
732
949
226
107
1028
323
64
271
909
93
80
678
400
1172
575
1031
188
552
215
207
94
329
1028
79
407
271
96
30
678
314
738
297
266
743
468
304
508
177
77
6
544
114
96
129
802
285
134
335
189
49
975
922
597
206
97
600
174
161
80
314
580
747
277
134
890
87
180
132
207
1132
1019
69
298
456
199
1131
235
282
482
49
698
469
234
182
201
314
195
130
755
11
522
1195
626
171
501
505
129
49
494
198
0
207
648
270
853
178
191
509
474
55
596
307
261
196
312
222
93
219
219
282
705
56
205
548
734
192
0
804
496
476
647
309
27
469
475
50
945
79
92
239
599
955
284
174
509
185
92
9
180
178
754
141
180
1342
494
653
915
999
18
342
322
57
905
500
231
207
299
278
788
180
329
1040
141
98
404
176
87
481
734
21
202
69
1409
243
477
284
49
199
212
666
187
255
65
247
59
596
472
233
483
547
201
127
47
1123
298
705
212
118
303
266
405
188
24
403
648
1494
255
64
270
626
57
181
239
202
992
297
342
379
1250
472
14
423
178
400
46
501
37
199
405
508
63
329
145
3
618
423
845
140
148
186
169
271
1016
698
212
474
248
192
816
521
154
377
339
1203
49
284
153
727
171
124
429
93
651
413
124
463
14
702
12
196
296
312
302
738
915
81
455
604
234
296
467
189
478
85
131
706
242
133
323
175
68
816
199
311
1065
466
294
1177
724
1082
468
130
844
577
561
177
254
948
1034
676
477
309
151
178
199
425
376
183
178
0
297
473
386
147
227
597
596
1076
165
171
7
1368
61
236
465
606
575
131
269
602
289
780
698
164
380
490
130
27
141
506
132
254
411
254
422
128
999
518
208
254
428
418
197
644
438
543
170
144
220
473
746
361
231
57
298
337
1109
650
27
824
561
178
290
94
248
618
213
314
793
91
388
10
375
892
727
428
252
262
173
510
1219
522
239
857
505
791
374
960
307
24
34
822
156
306
121
959
157
94
236
22
99
3
271
23
225
81
575
520
299
875
55
272
32
217
279
207
415
427
11
64
279
298
152
499
903
1199
473
202
508
579
644
323
160
149
254
473
671
624
114
584
308
114
49
309
65
174
271
282
297
288
599
201
513
473
418
242
78
523
508
894
118
1383
468
281
278
422
0
189
577
741
55
509
231
178
77
487
169
1056
279
307
196
1100
439
176
194
84
783
212
63
77
374
98
399
88
192
234
394
734
246
49
210
126
1438
188
671
997
1023
171
234
312
1034
90
424
490
1399
286
55
716
3
205
22
278
183
144
540
23
242
41
42
48
727
464
742
201
1177
26
731
353
200
764
172
1041
380
134
323
5
54
672
121
221
721
314
190
329
352
235
555
783
469
713
21
543
49
96
141
654
178
71
272
118
264
236
487
219
280
1124
245
202
475
527
16
180
589
0
45
1172
464
190
114
213
178
335
201
24
89
104
318
742
475
469
1166
540
65
362
289
191
334
500
581
289
657
172
480
189
425
465
10
508
1007
140
121
121
728
13
8
147
183
521
131
453
88
997
107
67
126
923
148
517
648
685
217
235
87
416
1186
24
269
103
525
114
233
94
124
7
867
506
298
411
30
278
16
215
157
96
118
197
13
519
94
880
231
641
584
764
89
1128
290
875
194
738
1377
199
1016
131
912
1023
55
996
474
81
342
469
219
180
1026
77
179
265
456
13
596
251
132
342
156
271
262
687
62
124
992
406
6
806
543
252
299
247
607
206
514
27
507
219
98
284
271
379
265
165
469
6
49
483
141
188
487
3
634
633
97
10
408
1121
470
791
255
41
362
755
196
997
282
804
543
124
158
271
682
171
264
23
744
889
255
596
742
521
49
634
508
644
93
13
49
648
938
581
406
179
171
175
517
490
10
284
158
213
63
196
55
285
149
650
912
141
49
124
213
467
232
1185
1330
377
87
323
388
312
289
24
469
220
589
98
388
298
13
734
14
242
121
6
296
156
32
969
309
49
236
192
422
455
522
721
291
220
210
618
1023
724
285
314
254
597
263
235
748
1414
21
705
613
420
194
584
521
81
81
115
8
438
412
148
883
423
1054
167
264
468
271
210
442
428
347
729
284
178
153
182
77
505
321
641
546
341
115
429
272
154
211
1109
197
319
589
1079
1186
561
413
523
165
491
1363
500
875
883
264
1031
277
94
960
724
109
1148
502
79
702
290
278
870
397
16
160
220
84
47
158
124
152
298
698
738
290
492
520
156
290
218
43
96
335
193
41
376
309
318
466
134
683
428
122
678
315
994
352
264
519
314
240
96
182
883
202
532
63
727
54
728
889
236
191
27
88
207
329
6
94
114
892
80
14
124
477
207
908
787
867
49
93
272
309
254
1219
3
232
242
631
231
339
205
1351
1020
172
738
172
647
131
269
656
205
49
19
118
754
79
505
77
854
309
575
96
12
188
624
199
0
188
171
94
300
388
544
754
255
421
499
297
544
229
25
124
234
463
504
22
55
512
171
874
296
171
94
22
492
227
230
298
13
364
227
236
98
0
173
521
508
173
309
134
504
205
641
473
649
838
744
553
297
148
677
254
532
207
173
342
55
648
291
400
512
77
112
418
170
217
44
532
25
231
642
172
166
178
362
0
276
677
161
418
45
201
264
271
1029
284
144
510
283
311
302
68
284
497
430
170
596
1380
269
329
169
1012
733
205
463
1100
492
201
201
49
247
112
290
207
196
875
456
423
49
144
467
740
114
757
78
296
234
213
281
303
269
436
271
7
417
422
121
172
1255
559
650
225
252
209
473
206
635
96
154
473
468
997
297
282
279
220
95
150
171
3
282
229
206
478
281
1012
268
199
265
600
107
522
540
477
571
183
815
312
271
296
511
11
377
414
70
282
22
624
252
278
297
949
201
287
124
650
124
298
123
1048
180
728
214
208
282
104
107
169
734
1034
296
115
768
49
503
50
180
271
1078
47
716
256
220
748
425
279
87
49
422
205
589
199
294
51
1096
284
996
235
78
180
124
255
556
194
584
246
15
87
484
508
214
216
586
120
498
309
56
910
1267
318
311
366
754
282
254
644
467
318
341
234
677
685
1197
472
115
315
270
656
169
124
199
1032
257
347
285
171
98
234
555
491
178
783
820
248
418
783
317
10
155
1054
133
476
154
639
124
75
727
272
922
235
201
590
1343
118
194
284
150
238
173
270
59
281
234
91
144
286
472
501
492
753
313
492
11
969
173
763
428
490
509
496
255
427
473
234
515
295
235
205
423
521
177
98
517
700
148
282
575
409
69
269
340
240
382
281
268
666
1115
97
388
382
914
68
980
271
272
94
294
739
49
225
457
183
21
165
240
502
208
55
126
141
9
282
173
173
262
685
176
163
140
191
309
541
454
173
208
1411
703
170
189
0
1423
328
654
199
280
468
129
2
734
581
683
505
716
648
1114
1012
38
0
387
650
975
11
1310
21
421
828
23
299
935
643
639
317
237
87
151
1199
650
508
622
327
492
894
768
97
270
1132
187
58
11
797
727
215
184
1099
230
311
466
742
311
170
412
80
362
1180
671
192
243
1065
31
236
26
1008
114
701
1030
11
1079
329
288
188
235
95
523
207
653
282
648
208
234
540
515
1012
285
503
6
185
7
194
597
219
126
207
321
675
81
770
169
1460
357
373
424
252
162
683
278
430
283
113
422
309
955
49
270
150
220
295
311
477
120
273
213
511
524
173
96
121
1146
922
314
213
249
139
321
27
1030
362
152
508
13
140
883
21
98
770
64
162
1188
905
245
144
707
523
520
640
490
194
55
205
289
49
314
65
654
907
94
690
418
47
476
80
740
538
269
723
7
948
124
91
686
1113
754
279
173
201
327
254
171
575
190
190
84
41
471
508
335
783
282
1249
467
199
211
147
397
595
265
270
377
63
685
272
381
147
169
254
266
294
51
456
77
375
1086
922
538
8
121
379
175
7
160
68
169
138
6
612
121
785
77
352
188
729
207
169
230
114
107
171
885
612
12
342
213
487
672
422
596
63
425
40
248
702
278
584
204
643
743
465
400
619
14
221
255
234
294
357
281
521
298
93
0
190
7
87
1079
53
552
745
130
1188
797
210
297
624
179
98
361
126
118
525
652
4
523
46
645
366
129
49
430
280
1025
98
559
645
221
87
1185
213
70
418
271
182
201
322
197
293
86
234
0
682
47
521
129
745
265
268
214
957
746
313
373
640
702
262
154
701
10
671
384
114
664
712
468
1195
1148
267
754
180
770
55
131
364
420
93
861
23
90
172
147
178
79
388
390
318
157
255
178
468
42
190
148
54
255
132
191
16
171
225
166
712
553
698
456
46
426
188
115
791
131
516
324
523
59
302
87
247
207
648
867
285
278
504
272
269
300
97
184
927
284
282
1
231
442
7
740
126
153
361
66
1102
480
374
68
747
147
394
87
69
194
517
49
97
651
236
282
508
180
388
352
192
121
115
297
1429
296
294
238
742
283
219
282
398
783
138
66
317
373
804
98
439
467
448
852
1074
509
95
870
418
398
724
328
269
716
1195
114
178
621
505
391
462
476
612
596
477
230
182
69
234
171
96
41
1198
653
11
597
234
238
231
388
454
324
220
205
481
388
342
702
406
604
234
206
727
676
77
210
240
53
599
511
46
424
772
282
644
265
625
1154
468
291
489
79
81
495
502
77
1046
173
114
99
930
39
118
254
357
153
51
1001
352
87
245
303
457
420
13
121
573
68
132
738
644
502
811
329
278
180
184
108
265
323
208
364
264
174
27
107
544
173
324
118
536
1180
96
644
14
178
57
282
201
141
677
922
403
478
312
388
1110
473
973
302
173
243
558
49
252
422
144
836
55
27
288
190
271
836
234
27
621
278
179
13
309
475
622
418
198
167
400
187
81
184
255
523
551
51
312
212
90
332
161
96
94
173
91
603
644
522
398
53
8
113
363
96
1082
375
487
754
202
0
271
219
701
194
351
683
469
121
597
124
417
215
469
498
525
324
202
114
270
309
912
284
165
422
176
269
94
296
80
1026
170
760
165
269
107
510
493
264
68
49
98
11
992
250
196
738
49
426
512
754
860
255
312
10
772
509
344
508
213
182
11
453
581
212
282
282
191
234
512
1030
180
727
255
474
518
261
226
477
252
254
79
418
108
84
177
473
98
207
322
144
92
405
277
224
520
129
648
11
481
509
303
54
6
743
98
423
227
97
218
21
1132
189
362
544
140
96
522
624
281
65
319
296
945
854
625
169
1171
280
905
200
281
535
180
484
460
300
532
380
289
478
182
430
457
731
188
37
559
8
686
647
498
955
479
1107
319
132
973
653
169
278
11
398
282
473
640
468
206
836
131
474
188
176
510
928
265
422
177
11
131
98
49
170
170
521
303
352
946
1281
49
905
596
296
540
99
171
836
191
1053
88
503
170
150
55
513
618
254
672
690
373
89
158
446
341
49
49
473
124
95
182
41
11
624
510
706
26
230
702
313
55
997
14
234
148
339
319
727
887
648
733
282
81
134
700
428
10
473
596
776
227
521
68
263
802
147
597
633
474
465
236
281
742
183
538
747
422
283
404
621
927
490
134
686
1187
55
655
427
100
41
302
806
489
189
144
14
373
176
428
495
515
675
738
949
469
276
870
318
220
208
428
1082
472
254
620
618
65
403
49
59
257
220
279
290
352
190
295
1172
187
816
477
269
187
14
77
2
205
836
931
281
908
268
148
24
354
62
77
740
196
293
1148
422
586
272
621
57
114
27
712
93
387
783
255
262
501
300
236
208
496
46
459
208
0
738
56
130
323
452
128
199
298
162
32
517
118
649
269
68
561
698
232
148
47
181
871
289
173
130
230
328
438
1106
954
290
733
30
94
279
122
192
242
265
520
191
191
80
169
328
10
231
169
277
287
910
425
836
648
232
992
656
144
469
166
918
324
332
112
192
1099
29
10
742
270
811
477
262
804
469
252
256
180
473
205
914
496
176
318
77
81
271
684
388
377
870
517
284
169
113
230
63
1121
719
644
907
141
540
150
426
132
452
644
597
230
231
456
668
200
470
98
216
621
1106
187
98
148
81
399
314
388
176
934
106
754
154
23
107
84
242
183
225
842
651
224
298
284
867
95
174
201
508
575
109
175
148
178
300
442
783
867
992
8
431
179
1026
633
324
1409
30
398
238
478
416
81
521
323
394
892
477
57
178
255
650
376
522
1031
159
975
270
245
618
171
32
1106
94
935
324
67
408
461
684
1002
772
178
12
1047
995
738
1057
307
384
156
213
1254
471
55
245
81
581
180
114
87
255
315
517
724
174
517
600
180
141
173
731
515
10
617
328
640
92
178
724
72
225
446
271
362
21
114
476
70
526
653
621
510
81
571
169
123
122
49
329
1327
191
296
115
182
540
54
1056
526
677
87
18
408
420
269
3
355
129
324
179
242
403
742
311
13
601
30
14
382
329
140
469
300
264
514
227
125
58
948
366
199
234
380
314
992
907
226
171
418
625
201
515
96
502
177
273
449
524
238
290
297
186
252
314
98
692
49
95
957
651
339
129
183
764
844
49
1019
496
225
182
653
281
728
87
71
804
600
413
134
320
350
210
314
1001
234
690
682
20
173
0
469
188
596
324
397
323
686
122
179
352
1258
182
170
596
24
257
472
184
118
299
861
84
205
651
255
173
1154
220
469
517
1023
865
243
148
247
677
153
520
161
199
1114
282
49
248
98
324
561
589
563
278
55
176
27
997
490
656
196
245
644
220
178
141
374
168
14
352
1093
184
465
682
8
653
176
271
296
98
272
21
68
883
94
540
502
0
761
157
234
603
321
115
694
887
12
236
182
887
178
806
201
237
208
496
338
265
188
874
559
740
469
11
1019
144
1034
52
259
424
882
307
888
158
112
728
58
785
239
513
255
49
816
761
526
234
682
366
275
238
875
140
239
1034
949
909
302
12
578
596
169
1113
109
282
202
222
254
653
124
63
174
11
804
77
201
166
255
184
509
165
315
520
255
907
508
682
1353
182
268
1114
703
1099
640
4
94
113
210
280
171
10
70
95
886
854
543
771
277
648
192
87
131
22
114
61
502
243
98
508
84
131
234
686
296
329
772
173
837
284
92
262
264
724
151
740
122
1281
122
431
771
121
178
525
118
517
109
296
409
207
254
740
124
648
262
497
653
712
884
272
471
836
98
107
129
98
87
279
207
121
215
194
493
213
129
471
213
194
14
234
341
213
227
657
508
128
1071
397
397
245
213
138
12
163
691
496
294
741
996
226
738
38
109
770
282
67
517
297
714
31
171
286
18
559
239
490
703
184
1455
465
131
80
96
836
170
188
118
446
72
553
124
98
38
264
60
678
422
94
156
620
11
1106
179
307
19
870
144
728
575
324
98
452
219
119
96
373
622
264
118
843
652
55
309
522
98
656
124
1072
196
11
81
298
69
639
352
182
686
235
298
180
589
430
377
234
269
256
174
911
213
231
669
282
430
29
816
177
194
407
747
166
180
596
182
54
341
56
289
351
724
171
107
230
205
494
283
272
282
49
479
56
55
525
633
590
489
690
289
178
70
156
466
284
234
362
235
23
755
317
6
1110
289
931
492
165
285
656
388
197
27
207
213
118
949
1102
504
601
53
426
738
247
6
269
211
94
1411
490
22
1104
242
148
658
555
677
541
465
999
121
690
645
540
124
113
525
232
654
300
24
499
165
178
88
27
55
0
297
58
64
191
138
500
264
126
1030
124
675
309
148
186
716
226
1005
98
342
271
242
220
647
98
41
270
716
442
416
284
473
473
418
298
117
939
1056
514
158
174
521
95
194
255
923
511
423
404
80
524
698
171
63
577
171
10
183
427
254
65
7
282
86
183
298
306
158
223
23
254
329
309
518
1079
289
49
766
746
260
179
19
265
515
323
394
482
1054
173
509
511
189
0
298
171
234
352
817
312
219
748
109
187
3
698
54
213
1034
239
647
92
180
8
173
338
219
175
1001
314
422
727
468
349
68
124
428
11
10
521
456
285
495
141
421
165
278
444
596
740
11
127
883
517
885
475
806
95
507
21
190
8
0
510
508
151
183
1277
321
996
457
124
397
187
613
492
685
301
278
1001
6
755
384
716
10
178
311
342
208
21
300
508
737
21
465
693
517
77
72
171
381
117
213
7
400
281
30
178
306
220
150
456
150
525
1001
980
948
284
438
438
10
621
635
684
479
190
478
953
1018
282
197
377
470
173
239
730
178
58
959
400
482
249
467
264
133
490
502
205
1252
169
1109
1010
861
589
889
1070
140
716
86
93
140
280
495
270
678
596
442
99
543
284
191
422
122
754
300
165
212
235
421
165
70
132
265
1109
96
474
469
144
438
77
324
538
293
786
186
702
265
0
49
173
658
64
838
380
128
178
266
397
194
77
0
81
32
721
474
134
98
424
465
652
173
844
427
196
13
243
438
98
70
114
185
724
1349
682
507
584
615
281
276
0
318
87
312
169
87
618
47
430
706
411
498
1214
14
97
118
130
973
388
626
373
124
648
456
206
225
49
126
584
494
482
461
30
1255
192
816
456
905
290
71
318
201
49
515
656
296
430
213
478
121
190
513
1061
225
353
189
492
719
98
77
235
438
430
213
279
865
314
121
207
184
289
63
130
373
63
10
169
522
632
468
190
584
206
456
288
231
24
997
50
399
844
658
285
97
423
121
928
96
474
220
452
428
18
686
86
55
1082
1138
509
314
362
98
653
675
14
22
63
486
175
289
147
590
207
318
836
294
207
1166
11
300
13
544
21
499
162
523
724
191
225
107
98
214
559
98
76
329
1010
480
328
195
474
74
496
13
131
96
314
1051
140
1012
595
307
22
748
375
188
96
112
684
243
184
473
584
555
335
77
10
867
415
559
685
30
242
63
644
285
255
957
216
138
77
314
254
213
255
10
195
74
403
693
265
173
235
265
428
15
94
45
922
252
327
262
80
609
200
230
255
182
463
455
412
95
427
454
49
589
114
175
741
6
163
98
618
185
682
86
544
66
206
194
124
279
1023
523
1327
120
232
85
220
509
525
236
242
403
8
177
158
637
49
49
728
161
178
55
276
165
609
98
742
838
173
294
641
216
420
210
234
474
10
544
247
145
468
68
467
96
427
157
208
0
6
13
41
201
234
24
442
21
517
640
94
970
173
738
288
196
524
203
207
315
577
471
521
296
67
169
1020
158
144
225
375
726
169
205
141
479
87
525
255
297
681
1082
94
169
373
324
1104
272
0
13
861
98
584
23
140
523
22
294
653
411
1056
283
167
306
764
88
55
376
495
94
98
14
726
282
89
209
960
361
109
130
97
382
98
518
279
703
201
158
329
47
621
991
286
55
206
252
404
30
59
1256
524
262
538
320
400
231
55
69
522
205
449
129
173
179
671
298
685
362
208
296
147
290
98
472
475
1001
394
168
96
479
196
77
281
66
98
98
797
282
602
227
1079
490
264
225
114
0
282
650
492
1041
324
476
193
480
456
71
838
0
180
538
32
274
96
309
515
48
226
498
422
851
148
573
87
212
922
320
80
165
418
518
507
312
121
201
279
124
274
499
208
49
124
889
469
487
87
1116
6
177
195
296
264
837
290
674
178
644
11
49
147
182
197
252
1046
561
8
0
960
172
208
225
6
183
210
490
6
512
283
22
243
509
215
141
318
496
473
271
21
271
627
231
923
230
234
902
206
816
70
68
791
207
49
597
648
87
297
1023
190
150
96
193
26
480
685
397
753
41
225
907
117
104
296
323
131
502
728
9
245
205
430
59
153
671
654
158
0
49
30
508
11
403
1116
1
96
152
429
285
70
307
642
414
8
852
0
25
560
311
96
512
284
845
201
1029
255
931
96
254
320
151
1056
323
299
131
955
226
49
297
464
598
683
296
165
1114
747
202
352
86
216
297
748
38
278
465
1056
238
272
184
507
1116
182
77
418
173
584
208
182
187
96
296
430
927
165
130
418
118
268
93
192
618
469
397
281
538
205
145
330
169
255
403
491
202
537
740
122
407
254
581
927
420
468
425
785
69
147
66
150
283
317
24
543
94
198
148
170
329
278
184
424
171
144
220
219
485
158
177
324
803
323
144
187
552
494
186
188
213
978
49
318
172
256
202
221
10
287
523
1349
18
1122
201
208
469
197
406
481
727
712
188
1460
114
422
266
201
324
997
960
133
234
49
719
745
218
262
77
479
205
225
234
632
474
24
184
194
862
740
387
621
373
267
870
920
70
398
776
740
131
734
442
349
411
264
255
1001
335
195
635
171
194
68
473
15
291
297
296
24
184
319
352
734
219
590
577
324
463
1443
836
188
406
734
53
293
8
13
389
678
577
237
86
702
328
214
502
208
474
1443
645
213
11
468
314
1553
1219
187
426
1310
168
470
84
27
141
727
1112
297
318
462
271
1142
470
1023
296
955
290
698
252
388
49
520
561
0
282
223
329
189
581
37
96
245
914
167
561
283
264
600
473
107
178
55
648
992
185
194
1553
147
14
329
525
149
1
385
262
123
868
115
978
123
387
465
476
314
220
492
176
738
561
957
124
423
1032
1152
736
312
186
398
647
68
621
8
178
115
11
98
206
322
171
362
245
206
520
314
314
8
72
724
207
200
883
131
494
687
308
255
478
209
508
914
426
484
559
505
193
323
284
0
489
822
124
99
267
96
19
510
23
96
325
698
180
609
131
571
279
309
109
203
153
835
558
163
129
227
492
185
174
648
551
382
420
364
468
561
296
271
124
194
49
49
234
314
207
75
198
606
339
1002
12
685
1123
318
793
223
461
70
6
144
1121
319
1226
428
24
1154
352
7
315
742
118
182
86
68
1329
211
6
282
745
486
474
234
18
745
1100
94
278
128
70
141
96
208
300
306
470
124
543
86
196
452
329
513
1115
74
206
207
187
70
63
656
6
16
25
418
912
523
639
195
672
724
237
187
191
86
166
878
496
21
1115
63
171
314
721
69
322
170
129
300
118
268
734
134
692
601
12
547
18
647
304
324
453
373
254
254
520
77
26
169
644
296
424
195
254
124
285
472
625
504
317
418
207
907
79
63
816
129
532
238
290
265
112
1023
181
740
221
740
523
118
169
621
140
452
98
469
87
922
425
238
573
298
159
165
199
200
144
264
867
7
1001
162
380
197
907
282
297
313
26
178
158
141
493
269
644
519
589
739
671
64
98
0
202
239
179
364
431
497
278
521
510
505
505
212
211
184
471
509
603
501
77
128
174
30
512
379
739
743
115
653
492
180
517
177
113
205
186
1045
141
742
196
207
732
1114
910
194
94
663
256
671
150
473
1054
581
285
134
489
278
13
234
626
361
172
1006
314
276
235
227
582
224
469
957
304
159
193
644
425
491
132
352
158
171
1030
68
24
169
427
324
124
225
269
505
409
838
67
1553
934
294
185
598
6
285
427
460
213
457
267
555
6
318
225
477
141
931
225
138
252
8
96
888
67
279
254
289
584
163
290
199
742
49
990
472
114
69
213
124
6
199
734
91
473
278
609
279
41
851
171
3
502
202
193
124
559
547
420
478
382
515
70
658
522
153
1054
46
144
153
147
141
81
743
329
742
640
225
178
300
14
270
24
134
682
427
705
644
472
671
515
63
243
622
543
173
362
425
723
91
734
7
199
59
290
158
444
121
153
249
199
748
185
266
698
315
318
648
178
652
505
394
70
642
11
1238
937
655
0
521
279
271
315
430
180
1031
11
203
455
243
14
265
1217
656
89
193
193
796
279
188
863
206
99
803
187
296
170
532
523
148
1188
132
210
269
169
51
836
10
10
324
115
166
1079
523
300
923
302
867
455
265
3
148
341
209
298
197
1429
380
219
515
141
176
204
265
287
206
941
653
284
767
678
927
213
333
475
479
513
172
213
246
55
88
247
649
53
234
649
352
525
652
479
559
54
178
70
414
467
552
656
932
96
242
754
87
198
425
194
271
414
427
5
193
81
206
514
238
173
163
171
494
311
46
338
272
192
23
510
175
216
498
191
581
844
477
201
177
907
12
999
286
908
559
303
309
207
405
8
728
1056
303
272
77
339
340
98
577
702
297
51
874
188
158
388
634
134
165
63
224
213
388
427
712
812
160
272
285
194
343
158
388
652
1079
21
1082
32
188
262
569
199
1057
165
13
644
65
941
254
133
430
497
493
949
46
129
745
728
404
226
230
407
685
200
283
207
178
483
474
186
650
109
1281
473
11
675
157
1383
188
265
231
90
1116
824
57
515
197
96
98
211
171
521
174
184
1051
394
455
298
646
519
69
732
319
323
411
296
216
822
269
266
265
278
352
148
149
141
1106
845
629
341
267
55
284
61
63
193
648
481
272
22
935
171
707
91
1054
87
900
783
520
851
804
473
205
279
479
311
915
37
8
188
271
314
54
231
595
8
199
124
205
85
94
197
176
519
7
666
469
1082
234
123
692
0
333
81
58
290
524
6
171
191
304
314
321
175
713
584
54
63
185
11
349
895
1001
242
418
1028
547
285
311
525
124
