196.00 34.00 0.00 0.15 0.13 0.12
186.00 72.00 0.00 0.05 0.10 0.10
22.00 94.00 0.50 0.55 0.47 0.42
244.00 199.00 0.10 0.10 0.17 0.17
166.00 16.00 0.10 0.10 0.07 0.05
298.00 125.00 0.10 0.05 0.13 0.17
115.00 80.00 0.10 0.05 0.10 0.12
253.00 90.00 0.00 0.15 0.10 0.10
305.00 181.00 0.30 0.30 0.30 0.28
6.00 177.00 0.30 0.15 0.17 0.15
62.00 174.00 0.40 0.35 0.37 0.35
286.00 243.00 0.10 0.20 0.30 0.28
200.00 203.00 0.50 0.45 0.37 0.38
210.00 128.00 0.30 0.25 0.33 0.28
224.00 104.00 0.20 0.30 0.23 0.25
303.00 360.00 0.50 0.50 0.50 0.47
122.00 56.00 0.00 0.00 0.00 0.00
194.00 212.00 0.30 0.15 0.17 0.17
291.00 252.00 0.40 0.45 0.47 0.38
234.00 361.00 0.40 0.25 0.40 0.35
119.00 163.00 0.40 0.30 0.23 0.20
167.00 50.00 0.10 0.05 0.10 0.10
299.00 239.00 0.50 0.45 0.37 0.35
308.00 380.00 0.50 0.50 0.43 0.47
95.00 219.00 0.50 0.40 0.33 0.33
38.00 87.00 0.00 0.05 0.07 0.07
102.00 121.00 0.30 0.40 0.37 0.33
63.00 72.00 0.00 0.00 0.00 0.00
160.00 108.00 0.30 0.15 0.10 0.07
50.00 17.00 0.10 0.05 0.03 0.03
301.00 235.00 0.50 0.50 0.53 0.47
225.00 25.00 0.10 0.05 0.03 0.05
290.00 126.00 0.60 0.50 0.47 0.38
97.00 56.00 0.10 0.20 0.13 0.15
157.00 43.00 0.00 0.10 0.07 0.07
181.00 55.00 0.00 0.00 0.00 0.00
278.00 22.00 0.10 0.15 0.13 0.12
276.00 434.00 0.70 0.65 0.73 0.75
7.00 370.00 0.40 0.30 0.40 0.30
10.00 183.00 0.30 0.20 0.20 0.15
284.00 44.00 0.00 0.00 0.00 0.03
201.00 267.00 0.40 0.35 0.33 0.35
287.00 57.00 0.10 0.10 0.17 0.12
246.00 126.00 0.60 0.50 0.37 0.33
242.00 20.00 0.00 0.00 0.00 0.05
249.00 154.00 0.30 0.30 0.23 0.20
99.00 113.00 0.30 0.30 0.23 0.20
178.00 241.00 0.60 0.50 0.40 0.33
251.00 71.00 0.20 0.25 0.17 0.17
81.00 45.00 0.00 0.00 0.00 0.00
260.00 22.00 0.10 0.10 0.10 0.07
25.00 76.00 0.30 0.20 0.17 0.15
59.00 337.00 0.50 0.40 0.40 0.38
72.00 124.00 0.20 0.25 0.27 0.28
87.00 195.00 0.40 0.40 0.33 0.33
42.00 160.00 0.40 0.20 0.27 0.23
292.00 120.00 0.30 0.20 0.23 0.25
20.00 35.00 0.40 0.20 0.17 0.12
13.00 420.00 0.70 0.55 0.43 0.40
138.00 50.00 0.10 0.05 0.07 0.05
60.00 206.00 0.20 0.20 0.17 0.20
57.00 92.00 0.20 0.10 0.17 0.12
223.00 71.00 0.10 0.05 0.07 0.10
189.00 168.00 0.40 0.35 0.33 0.30
243.00 76.00 0.20 0.15 0.17 0.15
92.00 307.00 0.50 0.50 0.47 0.47
241.00 17.00 0.00 0.05 0.07 0.05
254.00 119.00 0.40 0.40 0.33 0.35
293.00 267.00 0.40 0.35 0.23 0.25
127.00 19.00 0.10 0.40 0.37 0.28
222.00 261.00 0.30 0.45 0.40 0.38
267.00 176.00 0.20 0.40 0.43 0.42
11.00 157.00 0.20 0.15 0.13 0.10
8.00 50.00 0.40 0.25 0.27 0.23
162.00 39.00 0.10 0.20 0.17 0.15
279.00 336.00 0.70 0.55 0.47 0.45
145.00 226.00 0.30 0.35 0.43 0.45
28.00 70.00 0.30 0.25 0.33 0.28
135.00 48.00 0.10 0.15 0.20 0.17
32.00 34.00 0.30 0.15 0.13 0.12
90.00 281.00 0.40 0.35 0.40 0.35
216.00 117.00 0.20 0.10 0.20 0.17
250.00 103.00 0.20 0.30 0.20 0.17
271.00 239.00 0.20 0.20 0.23 0.28
265.00 36.00 0.10 0.05 0.03 0.07
198.00 150.00 0.50 0.35 0.37 0.35
168.00 48.00 0.00 0.05 0.03 0.05
110.00 103.00 0.30 0.25 0.33 0.35
58.00 125.00 0.20 0.10 0.13 0.17
237.00 47.00 0.00 0.05 0.10 0.07
94.00 344.00 0.30 0.30 0.33 0.33
128.00 162.00 0.10 0.10 0.13 0.17
44.00 129.00 0.40 0.45 0.33 0.30
264.00 109.00 0.00 0.15 0.23 0.23
41.00 48.00 0.10 0.05 0.13 0.12
82.00 120.00 0.00 0.05 0.07 0.05
262.00 128.00 0.10 0.15 0.10 0.10
174.00 130.00 0.00 0.05 0.07 0.10
43.00 195.00 0.40 0.35 0.30 0.30
84.00 65.00 0.10 0.10 0.07 0.10
269.00 203.00 0.30 0.25 0.27 0.25
259.00 44.00 0.20 0.15 0.13 0.10
85.00 260.00 0.30 0.35 0.37 0.38
213.00 120.00 0.20 0.20 0.20 0.17
121.00 57.00 0.30 0.20 0.13 0.10
49.00 110.00 0.10 0.10 0.13 0.10
68.00 21.00 0.30 0.20 0.13 0.10
172.00 24.00 0.00 0.00 0.00 0.03
19.00 18.00 0.10 0.20 0.13 0.10
268.00 218.00 0.70 0.60 0.63 0.60
5.00 109.00 0.50 0.55 0.47 0.38
80.00 27.00 0.00 0.00 0.03 0.03
66.00 34.00 0.20 0.10 0.10 0.07
18.00 270.00 0.40 0.35 0.30 0.28
26.00 78.00 0.10 0.05 0.10 0.10
130.00 321.00 0.40 0.45 0.50 0.53
256.00 195.00 0.40 0.25 0.30 0.30
1.00 216.00 0.20 0.15 0.30 0.30
56.00 166.00 0.70 0.55 0.50 0.47
15.00 64.00 0.10 0.05 0.03 0.03
207.00 188.00 0.40 0.25 0.27 0.30
232.00 87.00 0.20 0.10 0.23 0.23
52.00 55.00 0.00 0.00 0.00 0.00
161.00 26.00 0.00 0.00 0.00 0.03
148.00 56.00 0.30 0.30 0.27 0.20
125.00 143.00 0.30 0.25 0.27 0.33
83.00 119.00 0.10 0.15 0.10 0.15
272.00 48.00 0.30 0.15 0.13 0.15
151.00 277.00 0.40 0.30 0.30 0.30
54.00 55.00 0.20 0.20 0.20 0.23
16.00 128.00 0.20 0.20 0.17 0.15
91.00 85.00 0.20 0.40 0.37 0.33
294.00 131.00 0.40 0.20 0.30 0.25
229.00 16.00 0.20 0.10 0.07 0.05
70.00 118.00 0.60 0.40 0.33 0.33
14.00 89.00 0.20 0.15 0.13 0.12
295.00 186.00 0.40 0.35 0.30 0.33
233.00 108.00 0.00 0.05 0.13 0.17
214.00 121.00 0.20 0.15 0.13 0.12
192.00 27.00 0.00 0.00 0.00 0.00
100.00 42.00 0.00 0.05 0.07 0.07
307.00 103.00 0.60 0.45 0.33 0.33
297.00 160.00 0.40 0.25 0.20 0.17
193.00 94.00 0.00 0.00 0.07 0.07
113.00 44.00 0.10 0.10 0.10 0.07
275.00 83.00 0.20 0.30 0.37 0.42
219.00 22.00 0.30 0.20 0.13 0.10
218.00 50.00 0.10 0.15 0.17 0.12
123.00 49.00 0.00 0.00 0.07 0.05
158.00 155.00 0.60 0.40 0.40 0.38
23.00 135.00 0.40 0.25 0.30 0.25
296.00 130.00 0.30 0.15 0.13 0.15
33.00 24.00 0.30 0.15 0.13 0.10
154.00 48.00 0.20 0.10 0.10 0.10
77.00 57.00 0.30 0.15 0.23 0.20
270.00 127.00 0.00 0.05 0.07 0.10
187.00 53.00 0.00 0.00 0.07 0.07
170.00 22.00 0.10 0.10 0.07 0.05
101.00 45.00 0.30 0.25 0.17 0.15
184.00 232.00 0.50 0.35 0.33 0.33
112.00 42.00 0.10 0.10 0.10 0.07
133.00 20.00 0.10 0.10 0.07 0.05
215.00 86.00 0.30 0.20 0.27 0.25
69.00 60.00 0.20 0.10 0.10 0.07
104.00 62.00 0.10 0.10 0.07 0.07
240.00 20.00 0.10 0.05 0.10 0.07
144.00 180.00 0.60 0.40 0.33 0.30
191.00 26.00 0.00 0.00 0.03 0.03
142.00 27.00 0.00 0.00 0.07 0.05
177.00 100.00 0.40 0.30 0.30 0.25
203.00 36.00 0.20 0.15 0.13 0.10
21.00 92.00 0.40 0.35 0.33 0.28
197.00 90.00 0.40 0.35 0.30 0.28
134.00 20.00 0.00 0.10 0.13 0.10
180.00 53.00 0.10 0.05 0.07 0.12
236.00 97.00 0.20 0.25 0.23 0.28
263.00 112.00 0.10 0.25 0.27 0.25
109.00 182.00 0.50 0.55 0.57 0.53
64.00 174.00 0.40 0.45 0.40 0.38
114.00 44.00 0.30 0.20 0.13 0.12
239.00 140.00 0.20 0.20 0.20 0.23
117.00 79.00 0.50 0.45 0.33 0.30
65.00 76.00 0.10 0.05 0.07 0.05
137.00 43.00 0.30 0.30 0.30 0.23
257.00 52.00 0.20 0.15 0.17 0.20
111.00 20.00 0.10 0.05 0.03 0.05
285.00 29.00 0.00 0.00 0.07 0.05
96.00 52.00 0.10 0.15 0.13 0.10
116.00 94.00 0.00 0.10 0.13 0.15
73.00 53.00 0.20 0.10 0.10 0.07
221.00 131.00 0.40 0.45 0.43 0.38
235.00 87.00 0.20 0.15 0.17 0.15
164.00 57.00 0.30 0.20 0.23 0.23
281.00 19.00 0.00 0.00 0.00 0.00
182.00 27.00 0.30 0.15 0.13 0.10
45.00 42.00 0.40 0.20 0.13 0.17
131.00 28.00 0.00 0.00 0.00 0.05
230.00 117.00 0.20 0.20 0.17 0.15
126.00 36.00 0.10 0.20 0.17 0.12
231.00 20.00 0.20 0.15 0.13 0.10
280.00 220.00 0.40 0.20 0.30 0.28
288.00 62.00 0.30 0.20 0.13 0.10
152.00 97.00 0.20 0.30 0.27 0.28
217.00 47.00 0.00 0.20 0.27 0.28
79.00 49.00 0.00 0.05 0.07 0.05
75.00 56.00 0.00 0.05 0.03 0.03
245.00 17.00 0.30 0.15 0.10 0.10
282.00 19.00 0.00 0.00 0.03 0.05
78.00 17.00 0.00 0.05 0.03 0.03
118.00 69.00 0.40 0.25 0.23 0.20
283.00 49.00 0.40 0.20 0.13 0.17
171.00 25.00 0.10 0.10 0.10 0.07
226.00 46.00 0.10 0.10 0.07 0.05
306.00 29.00 0.00 0.00 0.00 0.00
173.00 42.00 0.10 0.10 0.10 0.07
185.00 47.00 0.00 0.00 0.03 0.03
150.00 27.00 0.10 0.05 0.03 0.03
274.00 65.00 0.00 0.00 0.00 0.05
188.00 99.00 0.20 0.20 0.17 0.23
48.00 59.00 0.10 0.05 0.07 0.05
311.00 275.00 0.30 0.35 0.30 0.38
165.00 29.00 0.10 0.10 0.13 0.10
208.00 29.00 0.10 0.10 0.07 0.10
2.00 57.00 0.00 0.10 0.10 0.07
248.00 46.00 0.40 0.35 0.23 0.20
159.00 81.00 0.00 0.05 0.03 0.05
146.00 25.00 0.10 0.05 0.07 0.05
29.00 29.00 0.10 0.10 0.10 0.10
156.00 35.00 0.30 0.15 0.17 0.20
37.00 49.00 0.20 0.25 0.30 0.28
141.00 83.00 0.20 0.10 0.13 0.15
195.00 74.00 0.00 0.10 0.13 0.12
108.00 29.00 0.20 0.10 0.07 0.10
47.00 22.00 0.00 0.05 0.03 0.03
255.00 37.00 0.20 0.10 0.07 0.05
89.00 68.00 0.30 0.20 0.13 0.10
140.00 19.00 0.00 0.00 0.03 0.05
190.00 47.00 0.10 0.10 0.07 0.10
24.00 67.00 0.20 0.10 0.10 0.10
17.00 20.00 0.00 0.00 0.00 0.03
313.00 228.00 0.20 0.25 0.27 0.33
53.00 25.00 0.20 0.15 0.10 0.10
124.00 21.00 0.10 0.15 0.13 0.12
149.00 19.00 0.20 0.10 0.07 0.07
176.00 55.00 0.00 0.05 0.03 0.05
106.00 62.00 0.10 0.15 0.13 0.12
312.00 214.00 0.40 0.30 0.27 0.28
175.00 33.00 0.10 0.05 0.07 0.15
220.00 21.00 0.00 0.00 0.00 0.00
143.00 18.00 0.00 0.05 0.03 0.03
199.00 25.00 0.00 0.00 0.03 0.03
277.00 48.00 0.10 0.05 0.03 0.05
206.00 22.00 0.00 0.00 0.03 0.05
76.00 66.00 0.40 0.20 0.20 0.15
314.00 208.00 0.30 0.20 0.17 0.15
136.00 34.00 0.00 0.05 0.03 0.05
179.00 27.00 0.20 0.10 0.07 0.05
4.00 23.00 0.10 0.10 0.07 0.05
304.00 23.00 0.10 0.05 0.03 0.05
3.00 30.00 0.00 0.05 0.13 0.10
227.00 45.00 0.10 0.05 0.03 0.07
252.00 21.00 0.10 0.05 0.07 0.05
212.00 21.00 0.30 0.15 0.20 0.15
310.00 18.00 0.30 0.15 0.10 0.07
35.00 17.00 0.20 0.10 0.07 0.07
147.00 19.00 0.00 0.00 0.00 0.05
105.00 17.00 0.00 0.05 0.03 0.05
34.00 16.00 0.20 0.20 0.17 0.15
71.00 34.00 0.00 0.00 0.03 0.05
51.00 20.00 0.50 0.25 0.17 0.12
204.00 31.00 0.00 0.05 0.10 0.07
315.00 82.00 0.10 0.10 0.10 0.07
31.00 32.00 0.10 0.05 0.03 0.03
316.00 53.00 0.30 0.15 0.13 0.17
103.00 27.00 0.30 0.15 0.10 0.10
318.00 148.00 0.20 0.20 0.17 0.15
30.00 38.00 0.40 0.30 0.23 0.17
120.00 21.00 0.20 0.15 0.10 0.10
46.00 25.00 0.20 0.10 0.10 0.12
289.00 17.00 0.00 0.00 0.00 0.05
209.00 19.00 0.00 0.00 0.07 0.05
261.00 26.00 0.20 0.10 0.07 0.05
88.00 19.00 0.00 0.05 0.07 0.07
9.00 21.00 0.10 0.05 0.10 0.10
247.00 24.00 0.30 0.15 0.10 0.07
321.00 121.00 0.30 0.25 0.23 0.17
266.00 18.00 0.00 0.00 0.07 0.10
74.00 38.00 0.20 0.10 0.10 0.10
238.00 26.00 0.20 0.10 0.07 0.07
319.00 20.00 0.00 0.00 0.03 0.10
323.00 78.00 0.10 0.05 0.10 0.10
67.00 29.00 0.00 0.05 0.03 0.03
211.00 27.00 0.10 0.05 0.07 0.10
98.00 22.00 0.10 0.05 0.03 0.05
12.00 50.00 0.20 0.15 0.13 0.12
40.00 23.00 0.20 0.15 0.10 0.07
258.00 18.00 0.10 0.15 0.20 0.15
325.00 116.00 0.10 0.10 0.10 0.07
320.00 144.00 0.50 0.55 0.37 0.38
326.00 140.00 0.40 0.30 0.23 0.23
327.00 219.00 0.40 0.25 0.27 0.30
183.00 40.00 0.00 0.10 0.17 0.23
328.00 250.00 0.50 0.60 0.57 0.55
322.00 49.00 0.00 0.00 0.00 0.03
330.00 145.00 0.30 0.20 0.23 0.25
27.00 20.00 0.10 0.05 0.03 0.05
331.00 59.00 0.00 0.00 0.07 0.05
332.00 172.00 0.40 0.25 0.33 0.40
329.00 55.00 0.30 0.20 0.13 0.17
86.00 19.00 0.00 0.00 0.03 0.03
139.00 22.00 0.10 0.05 0.07 0.07
300.00 18.00 0.10 0.05 0.03 0.10
163.00 20.00 0.00 0.00 0.03 0.05
333.00 24.00 0.00 0.00 0.00 0.00
334.00 290.00 0.50 0.45 0.43 0.42
39.00 20.00 0.00 0.00 0.00 0.03
324.00 65.00 0.00 0.00 0.00 0.03
132.00 22.00 0.00 0.15 0.10 0.07
336.00 90.00 0.20 0.20 0.17 0.15
335.00 18.00 0.30 0.20 0.17 0.12
169.00 36.00 0.30 0.20 0.13 0.10
338.00 70.00 0.20 0.15 0.13 0.15
339.00 239.00 0.40 0.30 0.20 0.23
309.00 16.00 0.10 0.05 0.07 0.07
342.00 159.00 0.10 0.15 0.23 0.23
340.00 39.00 0.20 0.25 0.17 0.12
317.00 19.00 0.30 0.15 0.17 0.15
341.00 18.00 0.00 0.00 0.03 0.03
343.00 213.00 0.30 0.15 0.23 0.20
344.00 166.00 0.10 0.10 0.23 0.20
345.00 211.00 0.20 0.10 0.27 0.23
346.00 150.00 0.30 0.50 0.53 0.47
347.00 154.00 0.40 0.35 0.33 0.33
273.00 21.00 0.00 0.05 0.03 0.03
349.00 29.00 0.00 0.00 0.03 0.05
348.00 56.00 0.10 0.05 0.03 0.03
354.00 218.00 0.30 0.25 0.30 0.33
351.00 42.00 0.10 0.15 0.13 0.12
358.00 35.00 0.20 0.15 0.10 0.07
352.00 36.00 0.20 0.25 0.23 0.20
360.00 97.00 0.10 0.25 0.27 0.23
363.00 197.00 0.40 0.25 0.37 0.38
355.00 25.00 0.10 0.10 0.07 0.10
357.00 72.00 0.10 0.10 0.07 0.07
356.00 21.00 0.00 0.05 0.03 0.05
361.00 108.00 0.20 0.20 0.20 0.20
365.00 44.00 0.00 0.00 0.00 0.03
350.00 48.00 0.40 0.25 0.20 0.15
367.00 55.00 0.50 0.35 0.33 0.25
368.00 34.00 0.40 0.35 0.30 0.25
371.00 48.00 0.00 0.10 0.07 0.07
373.00 213.00 0.40 0.30 0.30 0.33
370.00 68.00 0.30 0.15 0.13 0.10
374.00 199.00 0.30 0.30 0.27 0.35
372.00 65.00 0.30 0.25 0.20 0.17
337.00 30.00 0.20 0.25 0.33 0.30
378.00 332.00 0.40 0.45 0.53 0.50
366.00 30.00 0.50 0.30 0.23 0.23
377.00 31.00 0.00 0.05 0.10 0.07
375.00 25.00 0.10 0.10 0.07 0.10
359.00 26.00 0.30 0.15 0.13 0.12
379.00 179.00 0.40 0.30 0.27 0.28
380.00 127.00 0.20 0.20 0.17 0.25
381.00 106.00 0.20 0.40 0.27 0.25
385.00 204.00 0.30 0.20 0.23 0.17
382.00 43.00 0.00 0.00 0.03 0.07
387.00 233.00 0.30 0.35 0.30 0.25
364.00 16.00 0.00 0.00 0.03 0.03
369.00 20.00 0.40 0.25 0.17 0.12
388.00 50.00 0.00 0.00 0.10 0.07
389.00 232.00 0.30 0.30 0.27 0.28
383.00 67.00 0.00 0.05 0.13 0.10
390.00 25.00 0.00 0.00 0.10 0.07
386.00 21.00 0.20 0.30 0.20 0.17
393.00 392.00 0.70 0.55 0.50 0.47
392.00 99.00 0.20 0.25 0.20 0.17
376.00 30.00 0.00 0.00 0.00 0.03
394.00 135.00 0.70 0.55 0.43 0.45
391.00 104.00 0.00 0.00 0.00 0.03
398.00 154.00 0.30 0.20 0.17 0.20
397.00 82.00 0.30 0.15 0.13 0.12
399.00 240.00 0.40 0.35 0.43 0.35
396.00 47.00 0.10 0.25 0.23 0.20
401.00 111.00 0.10 0.05 0.07 0.17
402.00 62.00 0.00 0.00 0.03 0.07
384.00 22.00 0.10 0.05 0.03 0.10
395.00 51.00 0.30 0.25 0.23 0.20
353.00 16.00 0.10 0.05 0.07 0.07
403.00 40.00 0.20 0.10 0.10 0.07
405.00 179.00 0.30 0.35 0.30 0.33
400.00 20.00 0.10 0.05 0.03 0.03
406.00 287.00 0.20 0.20 0.20 0.20
407.00 196.00 0.60 0.50 0.33 0.38
409.00 159.00 0.30 0.20 0.17 0.23
404.00 33.00 0.10 0.10 0.10 0.10
413.00 43.00 0.00 0.05 0.07 0.15
416.00 426.00 0.30 0.40 0.50 0.53
408.00 23.00 0.00 0.00 0.03 0.07
410.00 20.00 0.10 0.10 0.07 0.07
411.00 56.00 0.40 0.25 0.17 0.12
417.00 289.00 0.60 0.55 0.40 0.42
412.00 49.00 0.20 0.15 0.17 0.12
420.00 36.00 0.10 0.05 0.07 0.05
422.00 80.00 0.20 0.20 0.17 0.23
425.00 136.00 0.60 0.55 0.50 0.42
419.00 31.00 0.30 0.15 0.10 0.10
423.00 57.00 0.10 0.20 0.13 0.15
415.00 21.00 0.10 0.05 0.07 0.05
429.00 352.00 0.40 0.35 0.47 0.42
428.00 52.00 0.20 0.10 0.13 0.10
427.00 29.00 0.10 0.10 0.07 0.07
424.00 32.00 0.10 0.05 0.03 0.05
432.00 53.00 0.00 0.05 0.03 0.07
421.00 54.00 0.40 0.30 0.20 0.17
435.00 294.00 0.60 0.55 0.50 0.53
433.00 31.00 0.10 0.05 0.03 0.05
426.00 96.00 0.10 0.05 0.10 0.15
436.00 134.00 0.00 0.05 0.03 0.07
430.00 55.00 0.10 0.10 0.10 0.07
434.00 36.00 0.00 0.00 0.00 0.03
437.00 217.00 0.40 0.40 0.30 0.30
438.00 29.00 0.20 0.20 0.13 0.12
431.00 19.00 0.20 0.10 0.13 0.12
442.00 110.00 0.30 0.30 0.30 0.25
440.00 45.00 0.10 0.10 0.10 0.12
445.00 32.00 0.00 0.05 0.03 0.05
447.00 120.00 0.20 0.25 0.23 0.23
449.00 63.00 0.10 0.15 0.10 0.12
450.00 506.00 0.60 0.50 0.50 0.47
446.00 21.00 0.10 0.10 0.07 0.10
439.00 28.00 0.00 0.00 0.00 0.00
451.00 51.00 0.10 0.10 0.10 0.15
452.00 153.00 0.20 0.15 0.23 0.23
454.00 157.00 0.10 0.10 0.10 0.17
453.00 119.00 0.30 0.30 0.27 0.23
414.00 22.00 0.10 0.10 0.10 0.07
455.00 175.00 0.30 0.25 0.33 0.30
444.00 21.00 0.10 0.20 0.17 0.15
448.00 26.00 0.00 0.00 0.00 0.03
457.00 251.00 0.40 0.35 0.30 0.35
456.00 190.00 0.40 0.25 0.20 0.20
458.00 153.00 0.20 0.15 0.13 0.12
462.00 28.00 0.00 0.00 0.07 0.10
459.00 97.00 0.40 0.35 0.23 0.20
460.00 57.00 0.20 0.20 0.20 0.17
467.00 36.00 0.00 0.00 0.07 0.05
468.00 134.00 0.10 0.20 0.23 0.20
466.00 82.00 0.20 0.20 0.33 0.30
472.00 250.00 0.70 0.65 0.63 0.62
465.00 72.00 0.20 0.10 0.13 0.12
463.00 78.00 0.00 0.05 0.10 0.12
471.00 21.00 0.40 0.30 0.23 0.25
474.00 317.00 0.40 0.25 0.27 0.30
469.00 43.00 0.10 0.05 0.10 0.07
464.00 49.00 0.00 0.10 0.10 0.10
476.00 68.00 0.10 0.15 0.13 0.17
478.00 87.00 0.00 0.00 0.03 0.05
473.00 32.00 0.10 0.05 0.07 0.05
470.00 53.00 0.10 0.05 0.03 0.07
480.00 54.00 0.10 0.05 0.07 0.05
441.00 18.00 0.00 0.00 0.00 0.00
479.00 162.00 0.30 0.30 0.37 0.38
484.00 127.00 0.80 0.50 0.37 0.35
486.00 143.00 0.20 0.15 0.13 0.12
487.00 193.00 0.30 0.45 0.43 0.38
482.00 23.00 0.10 0.10 0.17 0.15
481.00 54.00 0.20 0.10 0.10 0.12
492.00 48.00 0.20 0.10 0.10 0.07
493.00 113.00 0.20 0.35 0.23 0.23
490.00 33.00 0.00 0.05 0.03 0.07
489.00 87.00 0.20 0.20 0.17 0.15
483.00 44.00 0.30 0.20 0.13 0.28
496.00 84.00 0.40 0.20 0.17 0.15
494.00 42.00 0.10 0.05 0.07 0.10
495.00 192.00 0.50 0.30 0.43 0.35
477.00 35.00 0.20 0.15 0.20 0.23
497.00 216.00 0.50 0.50 0.50 0.50
488.00 129.00 0.20 0.30 0.33 0.28
498.00 123.00 0.40 0.20 0.17 0.20
499.00 92.00 0.20 0.15 0.10 0.12
491.00 28.00 0.10 0.10 0.10 0.07
500.00 182.00 0.10 0.15 0.13 0.12
502.00 26.00 0.00 0.15 0.10 0.07
503.00 139.00 0.20 0.20 0.13 0.15
504.00 228.00 0.20 0.20 0.23 0.20
505.00 99.00 0.50 0.40 0.43 0.40
506.00 204.00 0.50 0.40 0.37 0.38
443.00 17.00 0.10 0.05 0.03 0.03
507.00 56.00 0.20 0.20 0.23 0.25
514.00 181.00 0.20 0.35 0.30 0.28
508.00 78.00 0.30 0.25 0.17 0.12
511.00 20.00 0.00 0.05 0.03 0.03
515.00 27.00 0.00 0.00 0.03 0.03
512.00 18.00 0.00 0.00 0.00 0.00
513.00 22.00 0.40 0.20 0.20 0.17
523.00 99.00 0.00 0.05 0.07 0.05
518.00 66.00 0.10 0.05 0.07 0.05
516.00 21.00 0.20 0.20 0.13 0.10
510.00 18.00 0.20 0.10 0.13 0.10
524.00 251.00 0.30 0.25 0.30 0.23
501.00 73.00 0.10 0.10 0.10 0.07
525.00 44.00 0.00 0.00 0.00 0.00
521.00 125.00 0.30 0.40 0.40 0.33
520.00 18.00 0.00 0.05 0.07 0.05
519.00 36.00 0.00 0.00 0.10 0.07
528.00 46.00 0.30 0.15 0.10 0.07
532.00 248.00 0.20 0.15 0.27 0.33
530.00 43.00 0.10 0.10 0.10 0.12
531.00 20.00 0.20 0.15 0.17 0.12
529.00 38.00 0.20 0.15 0.17 0.12
517.00 27.00 0.20 0.15 0.13 0.12
527.00 123.00 0.20 0.20 0.20 0.15
485.00 18.00 0.10 0.05 0.07 0.07
533.00 205.00 0.40 0.30 0.33 0.35
535.00 207.00 0.10 0.30 0.27 0.30
536.00 148.00 0.60 0.40 0.37 0.33
526.00 46.00 0.00 0.10 0.07 0.07
537.00 335.00 0.50 0.40 0.37 0.38
534.00 75.00 0.10 0.05 0.03 0.05
541.00 116.00 0.40 0.45 0.47 0.38
538.00 76.00 0.10 0.25 0.30 0.25
542.00 120.00 0.00 0.10 0.17 0.12
545.00 146.00 0.70 0.60 0.53 0.55
539.00 52.00 0.10 0.10 0.13 0.10
547.00 20.00 0.10 0.05 0.03 0.03
543.00 180.00 0.30 0.30 0.30 0.33
548.00 129.00 0.40 0.35 0.40 0.33
546.00 52.00 0.20 0.20 0.23 0.17
522.00 29.00 0.10 0.05 0.07 0.05
551.00 270.00 0.40 0.35 0.37 0.33
544.00 18.00 0.00 0.05 0.07 0.07
553.00 99.00 0.10 0.10 0.07 0.12
552.00 74.00 0.00 0.05 0.10 0.07
540.00 61.00 0.10 0.05 0.13 0.10
554.00 108.00 0.30 0.30 0.23 0.17
550.00 32.00 0.20 0.15 0.17 0.15
556.00 38.00 0.10 0.05 0.10 0.07
559.00 65.00 0.10 0.05 0.10 0.10
560.00 87.00 0.00 0.15 0.10 0.07
561.00 269.00 0.30 0.30 0.27 0.25
563.00 25.00 0.20 0.20 0.17 0.12
566.00 116.00 0.20 0.15 0.23 0.20
557.00 46.00 0.00 0.00 0.03 0.07
558.00 19.00 0.10 0.05 0.07 0.05
564.00 31.00 0.20 0.20 0.27 0.20
565.00 34.00 0.20 0.15 0.13 0.12
573.00 48.00 0.00 0.10 0.07 0.07
549.00 24.00 0.20 0.15 0.10 0.07
567.00 143.00 0.10 0.15 0.13 0.10
569.00 62.00 0.00 0.00 0.00 0.00
562.00 52.00 0.40 0.20 0.13 0.10
576.00 33.00 0.00 0.00 0.07 0.07
577.00 180.00 0.50 0.35 0.30 0.35
579.00 67.00 0.10 0.10 0.07 0.07
574.00 38.00 0.00 0.25 0.20 0.15
555.00 51.00 0.10 0.25 0.20 0.20
575.00 16.00 0.00 0.05 0.03 0.03
584.00 21.00 0.40 0.40 0.30 0.23
588.00 189.00 0.30 0.30 0.40 0.35
587.00 69.00 0.10 0.10 0.10 0.10
568.00 63.00 0.00 0.05 0.03 0.10
586.00 140.00 0.30 0.35 0.53 0.47
585.00 68.00 0.10 0.20 0.20 0.17
582.00 49.00 0.30 0.15 0.17 0.15
591.00 78.00 0.10 0.10 0.13 0.15
581.00 25.00 0.00 0.05 0.03 0.07
592.00 290.00 0.40 0.35 0.30 0.30
580.00 38.00 0.40 0.30 0.23 0.17
590.00 39.00 0.00 0.00 0.00 0.03
593.00 132.00 0.30 0.20 0.33 0.33
583.00 26.00 0.10 0.05 0.07 0.07
596.00 18.00 0.30 0.15 0.10 0.10
599.00 40.00 0.00 0.00 0.00 0.00
589.00 32.00 0.10 0.05 0.07 0.05
594.00 24.00 0.30 0.20 0.20 0.15
597.00 35.00 0.20 0.10 0.13 0.12
601.00 100.00 0.30 0.30 0.23 0.20
602.00 28.00 0.20 0.20 0.13 0.10
600.00 75.00 0.40 0.45 0.47 0.45
605.00 76.00 0.10 0.05 0.20 0.15
603.00 40.00 0.30 0.20 0.37 0.38
606.00 222.00 0.20 0.40 0.33 0.33
608.00 137.00 0.00 0.15 0.23 0.23
607.00 36.00 0.10 0.05 0.07 0.05
595.00 71.00 0.00 0.05 0.03 0.03
610.00 67.00 0.20 0.20 0.13 0.15
611.00 38.00 0.10 0.05 0.03 0.05
617.00 63.00 0.40 0.20 0.13 0.12
618.00 170.00 0.30 0.30 0.27 0.28
614.00 27.00 0.00 0.00 0.00 0.00
615.00 89.00 0.20 0.20 0.17 0.12
616.00 40.00 0.10 0.10 0.13 0.12
620.00 98.00 0.50 0.50 0.47 0.40
571.00 17.00 0.00 0.00 0.00 0.03
619.00 69.00 0.30 0.40 0.43 0.35
613.00 27.00 0.00 0.05 0.03 0.03
622.00 180.00 0.60 0.55 0.40 0.38
621.00 147.00 0.60 0.50 0.40 0.38
604.00 19.00 0.30 0.25 0.20 0.15
624.00 130.00 0.10 0.05 0.07 0.07
612.00 21.00 0.00 0.00 0.00 0.00
627.00 138.00 0.40 0.35 0.33 0.35
623.00 40.00 0.20 0.10 0.10 0.07
628.00 25.00 0.00 0.10 0.10 0.07
625.00 98.00 0.60 0.45 0.37 0.30
629.00 112.00 0.30 0.25 0.17 0.17
633.00 51.00 0.20 0.35 0.30 0.25
632.00 104.00 0.50 0.45 0.33 0.28
634.00 114.00 0.20 0.10 0.07 0.07
639.00 100.00 0.20 0.20 0.20 0.15
630.00 86.00 0.10 0.05 0.03 0.03
642.00 262.00 0.70 0.55 0.43 0.47
637.00 48.00 0.20 0.10 0.07 0.05
640.00 107.00 0.40 0.35 0.30 0.23
643.00 195.00 0.20 0.35 0.27 0.23
598.00 21.00 0.00 0.05 0.07 0.07
638.00 56.00 0.40 0.30 0.20 0.25
635.00 26.00 0.10 0.05 0.03 0.03
644.00 41.00 0.10 0.15 0.13 0.12
636.00 20.00 0.00 0.05 0.03 0.03
645.00 118.00 0.20 0.20 0.17 0.15
648.00 210.00 0.70 0.60 0.47 0.42
647.00 57.00 0.20 0.25 0.20 0.17
650.00 255.00 0.40 0.45 0.43 0.40
654.00 127.00 0.50 0.30 0.27 0.25
653.00 150.00 0.30 0.35 0.33 0.35
655.00 489.00 0.60 0.60 0.50 0.50
649.00 21.00 0.30 0.20 0.20 0.15
658.00 67.00 0.20 0.10 0.07 0.05
660.00 106.00 0.80 0.40 0.37 0.35
659.00 180.00 0.60 0.35 0.30 0.28
646.00 31.00 0.00 0.00 0.00 0.03
663.00 138.00 0.20 0.10 0.13 0.12
664.00 153.00 0.20 0.20 0.20 0.17
657.00 22.00 0.00 0.00 0.00 0.00
665.00 125.00 0.10 0.05 0.07 0.10
666.00 229.00 0.50 0.30 0.30 0.25
661.00 112.00 0.40 0.30 0.27 0.20
662.00 20.00 0.00 0.05 0.03 0.03
667.00 44.00 0.00 0.00 0.03 0.05
641.00 39.00 0.00 0.00 0.03 0.07
668.00 37.00 0.20 0.20 0.17 0.15
673.00 32.00 0.00 0.05 0.03 0.05
671.00 104.00 0.30 0.35 0.37 0.35
669.00 78.00 0.10 0.05 0.07 0.12
676.00 58.00 0.40 0.30 0.20 0.20
674.00 37.00 0.30 0.20 0.13 0.10
677.00 38.00 0.10 0.10 0.10 0.07
682.00 304.00 0.70 0.65 0.47 0.38
679.00 55.00 0.40 0.20 0.17 0.12
684.00 73.00 0.10 0.15 0.17 0.15
683.00 58.00 0.00 0.10 0.13 0.12
691.00 29.00 0.10 0.15 0.10 0.07
672.00 20.00 0.00 0.00 0.00 0.00
692.00 33.00 0.10 0.05 0.07 0.05
690.00 89.00 0.10 0.05 0.07 0.10
689.00 32.00 0.30 0.25 0.20 0.15
686.00 68.00 0.10 0.15 0.20 0.20
693.00 112.00 0.10 0.15 0.13 0.12
688.00 23.00 0.10 0.15 0.13 0.10
697.00 86.00 0.20 0.20 0.17 0.17
698.00 73.00 0.50 0.30 0.23 0.20
670.00 39.00 0.30 0.15 0.10 0.07
694.00 157.00 0.30 0.25 0.17 0.20
680.00 37.00 0.10 0.05 0.03 0.05
705.00 96.00 0.60 0.35 0.37 0.42
701.00 33.00 0.10 0.10 0.07 0.07
699.00 127.00 0.20 0.15 0.13 0.10
704.00 78.00 0.10 0.10 0.10 0.12
707.00 195.00 0.50 0.30 0.30 0.30
700.00 21.00 0.20 0.15 0.10 0.12
687.00 18.00 0.10 0.10 0.07 0.07
695.00 27.00 0.10 0.15 0.10 0.10
675.00 27.00 0.00 0.05 0.03 0.05
708.00 75.00 0.00 0.00 0.10 0.07
709.00 120.00 0.40 0.45 0.40 0.42
711.00 200.00 0.60 0.40 0.37 0.40
710.00 80.00 0.20 0.20 0.20 0.17
712.00 151.00 0.40 0.35 0.30 0.33
715.00 129.00 0.40 0.40 0.33 0.28
713.00 22.00 0.10 0.05 0.03 0.03
716.00 238.00 0.10 0.25 0.20 0.25
681.00 16.00 0.10 0.05 0.03 0.03
678.00 24.00 0.00 0.00 0.10 0.10
719.00 45.00 0.10 0.05 0.03 0.03
721.00 148.00 0.40 0.20 0.23 0.28
714.00 38.00 0.30 0.20 0.20 0.17
717.00 78.00 0.10 0.10 0.10 0.12
718.00 33.00 0.00 0.05 0.10 0.10
696.00 26.00 0.20 0.10 0.13 0.12
722.00 38.00 0.10 0.05 0.03 0.05
724.00 34.00 0.00 0.00 0.00 0.05
727.00 214.00 0.40 0.55 0.47 0.45
725.00 23.00 0.20 0.10 0.10 0.10
706.00 23.00 0.30 0.15 0.10 0.07
720.00 29.00 0.00 0.05 0.07 0.05
728.00 23.00 0.00 0.00 0.03 0.05
703.00 39.00 0.00 0.15 0.10 0.07
738.00 137.00 0.60 0.55 0.43 0.42
736.00 16.00 0.00 0.05 0.07 0.05
734.00 55.00 0.30 0.15 0.13 0.15
730.00 27.00 0.00 0.05 0.03 0.05
743.00 30.00 0.00 0.05 0.07 0.05
742.00 22.00 0.00 0.00 0.00 0.03
737.00 30.00 0.10 0.10 0.07 0.07
733.00 72.00 0.00 0.05 0.07 0.10
745.00 40.00 0.00 0.00 0.07 0.05
740.00 17.00 0.10 0.05 0.07 0.07
735.00 44.00 0.10 0.05 0.03 0.03
747.00 256.00 0.10 0.20 0.33 0.28
723.00 19.00 0.20 0.15 0.10 0.07
739.00 25.00 0.20 0.10 0.10 0.10
749.00 275.00 0.50 0.45 0.47 0.45
748.00 103.00 0.40 0.25 0.30 0.28
746.00 58.00 0.40 0.35 0.30 0.33
731.00 62.00 0.10 0.10 0.13 0.10
750.00 25.00 0.20 0.10 0.10 0.10
741.00 87.00 0.10 0.05 0.10 0.17
751.00 138.00 0.40 0.25 0.27 0.38
756.00 86.00 0.00 0.25 0.23 0.20
757.00 146.00 0.70 0.65 0.63 0.55
752.00 55.00 0.00 0.10 0.13 0.12
758.00 320.00 0.30 0.45 0.40 0.38
732.00 16.00 0.10 0.05 0.03 0.03
744.00 26.00 0.00 0.05 0.03 0.05
754.00 30.00 0.00 0.00 0.00 0.00
753.00 47.00 0.10 0.20 0.13 0.10
763.00 117.00 0.00 0.05 0.07 0.07
764.00 102.00 0.10 0.10 0.13 0.12
767.00 37.00 0.10 0.10 0.13 0.10
769.00 21.00 0.10 0.05 0.07 0.05
755.00 28.00 0.10 0.15 0.10 0.10
771.00 55.00 0.10 0.20 0.17 0.15
768.00 46.00 0.00 0.05 0.07 0.05
773.00 114.00 0.10 0.10 0.10 0.12
765.00 19.00 0.10 0.05 0.07 0.07
772.00 31.00 0.20 0.15 0.13 0.10
766.00 155.00 0.10 0.05 0.13 0.15
774.00 64.00 0.30 0.15 0.17 0.17
760.00 30.00 0.10 0.10 0.07 0.15
761.00 37.00 0.30 0.15 0.10 0.10
777.00 31.00 0.10 0.05 0.07 0.07
759.00 29.00 0.10 0.25 0.23 0.20
776.00 84.00 0.10 0.25 0.23 0.17
780.00 49.00 0.40 0.35 0.30 0.30
779.00 36.00 0.40 0.30 0.20 0.17
778.00 43.00 0.00 0.05 0.03 0.03
782.00 136.00 0.10 0.15 0.10 0.12
786.00 107.00 0.30 0.35 0.23 0.20
784.00 39.00 0.00 0.05 0.10 0.12
770.00 61.00 0.20 0.10 0.10 0.07
788.00 215.00 0.40 0.45 0.40 0.38
789.00 30.00 0.10 0.05 0.03 0.05
790.00 163.00 0.40 0.20 0.20 0.17
787.00 45.00 0.20 0.10 0.10 0.12
783.00 28.00 0.10 0.10 0.07 0.05
785.00 25.00 0.00 0.05 0.07 0.05
794.00 37.00 0.10 0.05 0.03 0.03
781.00 34.00 0.50 0.25 0.23 0.17
796.00 304.00 0.70 0.45 0.37 0.42
795.00 128.00 0.70 0.55 0.53 0.47
793.00 51.00 0.10 0.10 0.13 0.15
798.00 203.00 0.70 0.50 0.40 0.40
791.00 22.00 0.20 0.15 0.13 0.12
802.00 63.00 0.60 0.40 0.33 0.28
800.00 27.00 0.20 0.15 0.10 0.07
804.00 310.00 0.50 0.60 0.67 0.60
803.00 20.00 0.20 0.10 0.07 0.05
775.00 27.00 0.10 0.20 0.17 0.12
792.00 38.00 0.10 0.05 0.07 0.05
799.00 23.00 0.00 0.00 0.00 0.03
805.00 203.00 0.20 0.25 0.27 0.20
806.00 124.00 0.20 0.35 0.27 0.20
807.00 194.00 0.70 0.70 0.73 0.62
801.00 23.00 0.30 0.15 0.10 0.10
809.00 16.00 0.20 0.10 0.10 0.12
815.00 154.00 0.20 0.35 0.23 0.30
817.00 29.00 0.10 0.10 0.13 0.12
821.00 60.00 0.10 0.05 0.07 0.05
818.00 16.00 0.10 0.15 0.10 0.07
814.00 26.00 0.40 0.30 0.23 0.20
812.00 16.00 0.10 0.10 0.07 0.07
823.00 176.00 0.30 0.30 0.33 0.33
825.00 126.00 0.30 0.20 0.27 0.35
827.00 26.00 0.10 0.05 0.10 0.10
829.00 56.00 0.10 0.25 0.20 0.15
811.00 20.00 0.00 0.00 0.00 0.00
830.00 92.00 0.50 0.35 0.23 0.23
826.00 111.00 0.40 0.50 0.50 0.55
831.00 55.00 0.10 0.05 0.10 0.17
819.00 25.00 0.00 0.00 0.03 0.03
828.00 75.00 0.20 0.10 0.17 0.15
808.00 22.00 0.10 0.10 0.10 0.12
835.00 99.00 0.10 0.05 0.07 0.12
833.00 170.00 0.10 0.30 0.27 0.33
836.00 42.00 0.00 0.05 0.03 0.05
816.00 22.00 0.10 0.10 0.10 0.07
838.00 89.00 0.50 0.30 0.23 0.20
839.00 41.00 0.10 0.10 0.07 0.12
840.00 193.00 0.70 0.35 0.30 0.28
832.00 18.00 0.40 0.25 0.20 0.15
810.00 26.00 0.20 0.10 0.07 0.05
844.00 74.00 0.40 0.35 0.27 0.23
843.00 115.00 0.70 0.60 0.43 0.53
834.00 49.00 0.20 0.10 0.07 0.10
846.00 349.00 0.30 0.35 0.40 0.33
837.00 31.00 0.00 0.00 0.03 0.05
813.00 18.00 0.10 0.05 0.03 0.07
842.00 23.00 0.00 0.00 0.03 0.05
847.00 104.00 0.30 0.25 0.17 0.12
848.00 134.00 0.30 0.30 0.30 0.28
822.00 19.00 0.30 0.30 0.30 0.28
852.00 45.00 0.30 0.30 0.27 0.25
851.00 169.00 0.20 0.20 0.23 0.23
849.00 23.00 0.10 0.10 0.07 0.05
854.00 166.00 0.40 0.30 0.23 0.20
850.00 48.00 0.50 0.25 0.17 0.12
858.00 18.00 0.10 0.05 0.07 0.10
853.00 29.00 0.20 0.15 0.13 0.12
855.00 21.00 0.10 0.10 0.07 0.05
845.00 23.00 0.00 0.10 0.10 0.07
841.00 29.00 0.00 0.05 0.03 0.07
859.00 36.00 0.00 0.00 0.03 0.05
862.00 160.00 0.30 0.30 0.30 0.28
856.00 20.00 0.00 0.00 0.03 0.05
863.00 67.00 0.00 0.05 0.07 0.10
860.00 57.00 0.10 0.20 0.13 0.12
857.00 16.00 0.00 0.00 0.00 0.00
864.00 268.00 0.50 0.40 0.37 0.35
865.00 24.00 0.00 0.05 0.03 0.03
868.00 119.00 0.40 0.30 0.27 0.25
867.00 90.00 0.30 0.45 0.40 0.33
861.00 40.00 0.10 0.10 0.07 0.10
870.00 216.00 0.20 0.15 0.10 0.25
871.00 101.00 0.30 0.30 0.37 0.35
875.00 86.00 0.30 0.20 0.17 0.15
876.00 20.00 0.00 0.00 0.03 0.05
872.00 61.00 0.00 0.00 0.00 0.03
877.00 73.00 0.10 0.15 0.17 0.17
880.00 308.00 0.60 0.45 0.43 0.38
878.00 101.00 0.50 0.50 0.33 0.30
869.00 28.00 0.00 0.00 0.00 0.00
881.00 200.00 0.30 0.40 0.30 0.30
879.00 25.00 0.20 0.10 0.07 0.05
883.00 255.00 0.40 0.50 0.47 0.42
882.00 125.00 0.30 0.30 0.20 0.25
884.00 36.00 0.00 0.00 0.00 0.05
886.00 192.00 0.40 0.50 0.50 0.40
885.00 83.00 0.30 0.15 0.10 0.10
889.00 280.00 0.30 0.25 0.40 0.40
874.00 33.00 0.10 0.05 0.07 0.07
892.00 211.00 0.40 0.45 0.30 0.28
890.00 101.00 0.30 0.20 0.23 0.23
893.00 53.00 0.30 0.20 0.13 0.10
887.00 137.00 0.40 0.30 0.37 0.38
891.00 47.00 0.10 0.05 0.03 0.05
894.00 231.00 0.40 0.40 0.30 0.33
896.00 223.00 0.30 0.30 0.43 0.40
897.00 172.00 0.40 0.30 0.27 0.28
901.00 110.00 0.50 0.30 0.20 0.20
899.00 112.00 0.50 0.30 0.20 0.20
903.00 119.00 0.20 0.10 0.07 0.07
904.00 42.00 0.10 0.15 0.10 0.10
907.00 144.00 0.10 0.10 0.17 0.15
905.00 35.00 0.20 0.15 0.10 0.07
902.00 40.00 0.40 0.20 0.13 0.20
898.00 24.00 0.00 0.00 0.00 0.03
895.00 18.00 0.20 0.10 0.10 0.07
906.00 40.00 0.20 0.15 0.10 0.10
900.00 17.00 0.10 0.10 0.07 0.05
908.00 70.00 0.30 0.20 0.13 0.10
916.00 272.00 0.30 0.25 0.27 0.33
911.00 90.00 0.30 0.15 0.20 0.15
912.00 47.00 0.20 0.15 0.13 0.12
914.00 16.00 0.30 0.15 0.13 0.15
918.00 82.00 0.20 0.20 0.13 0.10
919.00 184.00 0.10 0.05 0.07 0.07
921.00 85.00 0.60 0.35 0.27 0.25
910.00 46.00 0.00 0.00 0.07 0.07
913.00 110.00 0.20 0.20 0.20 0.15
915.00 18.00 0.00 0.00 0.03 0.03
922.00 106.00 0.70 0.45 0.33 0.38
923.00 72.00 0.20 0.10 0.10 0.10
928.00 32.00 0.10 0.05 0.10 0.10
927.00 101.00 0.40 0.30 0.20 0.17
924.00 77.00 0.30 0.25 0.23 0.17
929.00 43.00 0.20 0.30 0.20 0.20
931.00 56.00 0.20 0.10 0.07 0.07
917.00 28.00 0.00 0.00 0.00 0.00
932.00 213.00 0.20 0.25 0.27 0.25
909.00 26.00 0.00 0.05 0.07 0.05
934.00 154.00 0.30 0.25 0.20 0.25
933.00 102.00 0.10 0.20 0.23 0.28
935.00 36.00 0.10 0.05 0.07 0.05
938.00 81.00 0.10 0.20 0.20 0.15
940.00 90.00 0.20 0.20 0.17 0.23
888.00 20.00 0.00 0.15 0.10 0.10
925.00 26.00 0.10 0.15 0.17 0.17
942.00 78.00 0.10 0.05 0.03 0.07
937.00 32.00 0.00 0.00 0.00 0.03
926.00 18.00 0.10 0.05 0.03 0.03
943.00 124.00 0.40 0.30 0.37 0.33
939.00 45.00 0.00 0.05 0.03 0.03
936.00 124.00 0.10 0.10 0.13 0.12
930.00 43.00 0.00 0.05 0.03 0.05
920.00 21.00 0.10 0.10 0.10 0.07
941.00 19.00 0.10 0.10 0.07 0.07
