196.00 34.00 0.00 0.09 0.12 0.15
186.00 72.00 0.00 0.01 0.04 0.06
22.00 94.00 0.05 0.12 0.15 0.18
244.00 199.00 0.01 0.01 0.03 0.04
166.00 16.00 0.06 0.12 0.12 0.12
298.00 125.00 0.01 0.01 0.03 0.06
115.00 80.00 0.01 0.01 0.04 0.06
253.00 90.00 0.00 0.03 0.03 0.04
305.00 181.00 0.02 0.03 0.05 0.06
6.00 177.00 0.02 0.02 0.03 0.03
62.00 174.00 0.02 0.04 0.06 0.08
286.00 243.00 0.00 0.02 0.04 0.05
200.00 203.00 0.02 0.04 0.05 0.07
210.00 128.00 0.02 0.04 0.08 0.09
224.00 104.00 0.02 0.06 0.07 0.10
303.00 360.00 0.01 0.03 0.04 0.05
122.00 56.00 0.00 0.00 0.00 0.00
194.00 212.00 0.01 0.01 0.02 0.03
291.00 252.00 0.02 0.04 0.06 0.06
234.00 361.00 0.01 0.01 0.03 0.04
119.00 163.00 0.02 0.04 0.04 0.05
167.00 50.00 0.02 0.02 0.06 0.08
299.00 239.00 0.02 0.04 0.05 0.06
308.00 380.00 0.01 0.03 0.03 0.05
95.00 219.00 0.02 0.04 0.05 0.06
38.00 87.00 0.00 0.01 0.02 0.03
102.00 121.00 0.02 0.07 0.09 0.11
63.00 72.00 0.00 0.00 0.00 0.00
160.00 108.00 0.03 0.03 0.03 0.03
50.00 17.00 0.06 0.06 0.06 0.06
301.00 235.00 0.02 0.04 0.07 0.08
225.00 25.00 0.04 0.04 0.04 0.08
290.00 126.00 0.05 0.08 0.11 0.12
97.00 56.00 0.02 0.07 0.07 0.11
157.00 43.00 0.00 0.05 0.05 0.07
181.00 55.00 0.00 0.00 0.00 0.00
278.00 22.00 0.05 0.14 0.18 0.23
276.00 434.00 0.02 0.03 0.05 0.07
7.00 370.00 0.01 0.02 0.03 0.03
10.00 183.00 0.02 0.02 0.03 0.03
284.00 44.00 0.00 0.00 0.00 0.02
201.00 267.00 0.01 0.03 0.04 0.05
287.00 57.00 0.02 0.04 0.09 0.09
246.00 126.00 0.05 0.08 0.09 0.10
242.00 20.00 0.00 0.00 0.00 0.10
249.00 154.00 0.02 0.04 0.05 0.05
99.00 113.00 0.03 0.05 0.06 0.07
178.00 241.00 0.02 0.04 0.05 0.05
251.00 71.00 0.03 0.07 0.07 0.10
81.00 45.00 0.00 0.00 0.00 0.00
260.00 22.00 0.05 0.09 0.14 0.14
25.00 76.00 0.04 0.05 0.07 0.08
59.00 337.00 0.01 0.02 0.04 0.04
72.00 124.00 0.02 0.04 0.06 0.09
87.00 195.00 0.02 0.04 0.05 0.07
42.00 160.00 0.03 0.03 0.05 0.06
292.00 120.00 0.03 0.03 0.06 0.08
20.00 35.00 0.11 0.11 0.14 0.14
13.00 420.00 0.02 0.03 0.03 0.04
138.00 50.00 0.02 0.02 0.04 0.04
60.00 206.00 0.01 0.02 0.02 0.04
57.00 92.00 0.02 0.02 0.05 0.05
223.00 71.00 0.01 0.01 0.03 0.06
189.00 168.00 0.02 0.04 0.06 0.07
243.00 76.00 0.03 0.04 0.07 0.08
92.00 307.00 0.02 0.03 0.05 0.06
241.00 17.00 0.00 0.06 0.12 0.12
254.00 119.00 0.03 0.07 0.08 0.12
293.00 267.00 0.01 0.03 0.03 0.04
127.00 19.00 0.05 0.42 0.58 0.58
222.00 261.00 0.01 0.03 0.05 0.06
267.00 176.00 0.01 0.05 0.07 0.10
11.00 157.00 0.01 0.02 0.03 0.03
8.00 50.00 0.08 0.10 0.16 0.18
162.00 39.00 0.03 0.10 0.13 0.15
279.00 336.00 0.02 0.03 0.04 0.05
145.00 226.00 0.01 0.03 0.06 0.08
28.00 70.00 0.04 0.07 0.14 0.16
135.00 48.00 0.02 0.06 0.12 0.15
32.00 34.00 0.09 0.09 0.12 0.15
90.00 281.00 0.01 0.02 0.04 0.05
216.00 117.00 0.02 0.02 0.05 0.06
250.00 103.00 0.02 0.06 0.06 0.07
271.00 239.00 0.01 0.02 0.03 0.05
265.00 36.00 0.03 0.03 0.03 0.08
198.00 150.00 0.03 0.05 0.07 0.09
168.00 48.00 0.00 0.02 0.02 0.04
110.00 103.00 0.03 0.05 0.10 0.14
58.00 125.00 0.02 0.02 0.03 0.06
237.00 47.00 0.00 0.02 0.06 0.06
94.00 344.00 0.01 0.02 0.03 0.04
128.00 162.00 0.01 0.01 0.02 0.04
44.00 129.00 0.03 0.07 0.08 0.09
264.00 109.00 0.00 0.03 0.06 0.08
41.00 48.00 0.02 0.02 0.08 0.10
82.00 120.00 0.00 0.01 0.02 0.02
262.00 128.00 0.01 0.02 0.02 0.03
174.00 130.00 0.00 0.01 0.02 0.03
43.00 195.00 0.02 0.04 0.05 0.06
84.00 65.00 0.02 0.03 0.03 0.06
269.00 203.00 0.01 0.02 0.04 0.05
259.00 44.00 0.05 0.07 0.09 0.09
85.00 260.00 0.01 0.03 0.04 0.06
213.00 120.00 0.02 0.03 0.05 0.06
121.00 57.00 0.05 0.07 0.07 0.07
49.00 110.00 0.01 0.02 0.04 0.04
68.00 21.00 0.14 0.19 0.19 0.19
172.00 24.00 0.00 0.00 0.00 0.04
19.00 18.00 0.06 0.22 0.22 0.22
268.00 218.00 0.03 0.06 0.09 0.11
5.00 109.00 0.05 0.10 0.13 0.14
80.00 27.00 0.00 0.00 0.04 0.04
66.00 34.00 0.06 0.06 0.09 0.09
18.00 270.00 0.01 0.03 0.03 0.04
26.00 78.00 0.01 0.01 0.04 0.05
130.00 321.00 0.01 0.03 0.05 0.07
256.00 195.00 0.02 0.03 0.05 0.06
1.00 216.00 0.01 0.01 0.04 0.06
56.00 166.00 0.04 0.07 0.09 0.11
15.00 64.00 0.02 0.02 0.02 0.02
207.00 188.00 0.02 0.03 0.04 0.06
232.00 87.00 0.02 0.02 0.08 0.10
52.00 55.00 0.00 0.00 0.00 0.00
161.00 26.00 0.00 0.00 0.00 0.04
148.00 56.00 0.05 0.11 0.14 0.14
125.00 143.00 0.02 0.03 0.06 0.09
83.00 119.00 0.01 0.03 0.03 0.05
272.00 48.00 0.06 0.06 0.08 0.12
151.00 277.00 0.01 0.02 0.03 0.04
54.00 55.00 0.04 0.07 0.11 0.16
16.00 128.00 0.02 0.03 0.04 0.05
91.00 85.00 0.02 0.09 0.13 0.15
294.00 131.00 0.03 0.03 0.07 0.08
229.00 16.00 0.12 0.12 0.12 0.12
70.00 118.00 0.05 0.07 0.08 0.11
14.00 89.00 0.02 0.03 0.04 0.06
295.00 186.00 0.02 0.04 0.05 0.07
233.00 108.00 0.00 0.01 0.04 0.06
214.00 121.00 0.02 0.02 0.03 0.04
192.00 27.00 0.00 0.00 0.00 0.00
100.00 42.00 0.00 0.02 0.05 0.07
307.00 103.00 0.06 0.09 0.10 0.13
297.00 160.00 0.03 0.03 0.04 0.04
193.00 94.00 0.00 0.00 0.02 0.03
113.00 44.00 0.02 0.05 0.07 0.07
275.00 83.00 0.02 0.07 0.13 0.20
219.00 22.00 0.14 0.18 0.18 0.18
218.00 50.00 0.02 0.06 0.10 0.10
123.00 49.00 0.00 0.00 0.04 0.04
158.00 155.00 0.04 0.05 0.08 0.10
23.00 135.00 0.03 0.04 0.07 0.07
296.00 130.00 0.02 0.02 0.03 0.05
33.00 24.00 0.12 0.12 0.17 0.17
154.00 48.00 0.04 0.04 0.06 0.08
77.00 57.00 0.05 0.05 0.12 0.14
270.00 127.00 0.00 0.01 0.02 0.03
187.00 53.00 0.00 0.00 0.04 0.06
170.00 22.00 0.05 0.09 0.09 0.09
101.00 45.00 0.07 0.11 0.11 0.13
184.00 232.00 0.02 0.03 0.04 0.06
112.00 42.00 0.02 0.05 0.07 0.07
133.00 20.00 0.05 0.10 0.10 0.10
215.00 86.00 0.03 0.05 0.09 0.12
69.00 60.00 0.03 0.03 0.05 0.05
104.00 62.00 0.02 0.03 0.03 0.05
240.00 20.00 0.05 0.05 0.15 0.15
144.00 180.00 0.03 0.04 0.06 0.07
191.00 26.00 0.00 0.00 0.04 0.04
142.00 27.00 0.00 0.00 0.07 0.07
177.00 100.00 0.04 0.06 0.09 0.10
203.00 36.00 0.06 0.08 0.11 0.11
21.00 92.00 0.04 0.08 0.11 0.12
197.00 90.00 0.04 0.08 0.10 0.12
134.00 20.00 0.00 0.10 0.20 0.20
180.00 53.00 0.02 0.02 0.04 0.09
236.00 97.00 0.02 0.05 0.07 0.11
263.00 112.00 0.01 0.04 0.07 0.09
109.00 182.00 0.03 0.06 0.09 0.12
64.00 174.00 0.02 0.05 0.07 0.09
114.00 44.00 0.07 0.09 0.09 0.11
239.00 140.00 0.01 0.03 0.04 0.06
117.00 79.00 0.06 0.11 0.13 0.15
65.00 76.00 0.01 0.01 0.03 0.03
137.00 43.00 0.07 0.14 0.21 0.21
257.00 52.00 0.04 0.06 0.10 0.15
111.00 20.00 0.05 0.05 0.05 0.10
285.00 29.00 0.00 0.00 0.07 0.07
96.00 52.00 0.02 0.06 0.08 0.08
116.00 94.00 0.00 0.02 0.04 0.06
73.00 53.00 0.04 0.04 0.06 0.06
221.00 131.00 0.03 0.07 0.10 0.11
235.00 87.00 0.02 0.03 0.06 0.07
164.00 57.00 0.05 0.07 0.12 0.16
281.00 19.00 0.00 0.00 0.00 0.00
182.00 27.00 0.11 0.11 0.15 0.15
45.00 42.00 0.10 0.10 0.10 0.17
131.00 28.00 0.00 0.00 0.00 0.07
230.00 117.00 0.02 0.03 0.04 0.05
126.00 36.00 0.03 0.11 0.14 0.14
231.00 20.00 0.10 0.15 0.20 0.20
280.00 220.00 0.02 0.02 0.04 0.05
288.00 62.00 0.05 0.06 0.06 0.06
152.00 97.00 0.02 0.06 0.08 0.11
217.00 47.00 0.00 0.09 0.17 0.23
79.00 49.00 0.00 0.02 0.04 0.04
75.00 56.00 0.00 0.02 0.02 0.02
245.00 17.00 0.18 0.18 0.18 0.24
282.00 19.00 0.00 0.00 0.05 0.11
78.00 17.00 0.00 0.06 0.06 0.06
118.00 69.00 0.06 0.07 0.10 0.12
283.00 49.00 0.08 0.08 0.08 0.14
171.00 25.00 0.04 0.08 0.12 0.12
226.00 46.00 0.02 0.04 0.04 0.04
306.00 29.00 0.00 0.00 0.00 0.00
173.00 42.00 0.02 0.05 0.07 0.07
185.00 47.00 0.00 0.00 0.02 0.02
150.00 27.00 0.04 0.04 0.04 0.04
274.00 65.00 0.00 0.00 0.00 0.03
188.00 99.00 0.02 0.04 0.05 0.09
48.00 59.00 0.02 0.02 0.03 0.03
311.00 275.00 0.01 0.03 0.03 0.05
165.00 29.00 0.03 0.07 0.14 0.14
208.00 29.00 0.03 0.07 0.07 0.14
2.00 57.00 0.00 0.04 0.05 0.05
248.00 46.00 0.09 0.15 0.15 0.17
159.00 81.00 0.00 0.01 0.01 0.02
146.00 25.00 0.04 0.04 0.08 0.08
29.00 29.00 0.03 0.07 0.10 0.14
156.00 35.00 0.09 0.09 0.14 0.23
37.00 49.00 0.04 0.10 0.18 0.22
141.00 83.00 0.02 0.02 0.05 0.07
195.00 74.00 0.00 0.03 0.05 0.07
108.00 29.00 0.07 0.07 0.07 0.14
47.00 22.00 0.00 0.05 0.05 0.05
255.00 37.00 0.05 0.05 0.05 0.05
89.00 68.00 0.04 0.06 0.06 0.06
140.00 19.00 0.00 0.00 0.05 0.11
190.00 47.00 0.02 0.04 0.04 0.09
24.00 67.00 0.03 0.03 0.04 0.06
17.00 20.00 0.00 0.00 0.00 0.05
313.00 228.00 0.01 0.02 0.04 0.06
53.00 25.00 0.08 0.12 0.12 0.16
124.00 21.00 0.05 0.14 0.19 0.24
149.00 19.00 0.11 0.11 0.11 0.16
176.00 55.00 0.00 0.02 0.02 0.04
106.00 62.00 0.02 0.05 0.06 0.08
312.00 214.00 0.02 0.03 0.04 0.05
175.00 33.00 0.03 0.03 0.06 0.18
220.00 21.00 0.00 0.00 0.00 0.00
143.00 18.00 0.00 0.06 0.06 0.06
199.00 25.00 0.00 0.00 0.04 0.04
277.00 48.00 0.02 0.02 0.02 0.04
206.00 22.00 0.00 0.00 0.05 0.09
76.00 66.00 0.06 0.06 0.09 0.09
314.00 208.00 0.01 0.02 0.02 0.03
136.00 34.00 0.00 0.03 0.03 0.06
179.00 27.00 0.07 0.07 0.07 0.07
4.00 23.00 0.04 0.09 0.09 0.09
304.00 23.00 0.04 0.04 0.04 0.09
3.00 30.00 0.00 0.03 0.13 0.13
227.00 45.00 0.02 0.02 0.02 0.07
252.00 21.00 0.05 0.05 0.10 0.10
212.00 21.00 0.14 0.14 0.29 0.29
310.00 18.00 0.17 0.17 0.17 0.17
35.00 17.00 0.12 0.12 0.12 0.18
147.00 19.00 0.00 0.00 0.00 0.11
105.00 17.00 0.00 0.06 0.06 0.12
34.00 16.00 0.12 0.25 0.31 0.38
71.00 34.00 0.00 0.00 0.03 0.06
51.00 20.00 0.25 0.25 0.25 0.25
204.00 31.00 0.00 0.03 0.10 0.10
315.00 82.00 0.01 0.02 0.04 0.04
31.00 32.00 0.03 0.03 0.03 0.03
316.00 53.00 0.06 0.06 0.08 0.13
103.00 27.00 0.11 0.11 0.11 0.15
318.00 148.00 0.01 0.03 0.03 0.04
30.00 38.00 0.11 0.16 0.18 0.18
120.00 21.00 0.10 0.14 0.14 0.19
46.00 25.00 0.08 0.08 0.12 0.20
289.00 17.00 0.00 0.00 0.00 0.12
209.00 19.00 0.00 0.00 0.11 0.11
261.00 26.00 0.08 0.08 0.08 0.08
88.00 19.00 0.00 0.05 0.11 0.16
9.00 21.00 0.05 0.05 0.14 0.19
247.00 24.00 0.12 0.12 0.12 0.12
321.00 121.00 0.02 0.04 0.06 0.06
266.00 18.00 0.00 0.00 0.11 0.22
74.00 38.00 0.05 0.05 0.08 0.11
238.00 26.00 0.08 0.08 0.08 0.12
319.00 20.00 0.00 0.00 0.05 0.20
323.00 78.00 0.01 0.01 0.04 0.05
67.00 29.00 0.00 0.03 0.03 0.03
211.00 27.00 0.04 0.04 0.07 0.15
98.00 22.00 0.05 0.05 0.05 0.09
12.00 50.00 0.04 0.06 0.08 0.10
40.00 23.00 0.09 0.13 0.13 0.13
258.00 18.00 0.06 0.17 0.33 0.33
325.00 116.00 0.01 0.02 0.03 0.03
320.00 144.00 0.03 0.08 0.08 0.10
326.00 140.00 0.03 0.04 0.05 0.06
327.00 219.00 0.02 0.02 0.04 0.05
183.00 40.00 0.00 0.05 0.12 0.23
328.00 250.00 0.02 0.05 0.07 0.09
322.00 49.00 0.00 0.00 0.00 0.02
330.00 145.00 0.02 0.03 0.05 0.07
27.00 20.00 0.05 0.05 0.05 0.10
331.00 59.00 0.00 0.00 0.03 0.03
332.00 172.00 0.02 0.03 0.06 0.09
329.00 55.00 0.05 0.07 0.07 0.13
86.00 19.00 0.00 0.00 0.05 0.05
139.00 22.00 0.05 0.05 0.09 0.14
300.00 18.00 0.06 0.06 0.06 0.22
163.00 20.00 0.00 0.00 0.05 0.10
333.00 24.00 0.00 0.00 0.00 0.00
334.00 290.00 0.02 0.03 0.04 0.06
39.00 20.00 0.00 0.00 0.00 0.05
324.00 65.00 0.00 0.00 0.00 0.02
132.00 22.00 0.00 0.14 0.14 0.14
336.00 90.00 0.02 0.04 0.06 0.07
335.00 18.00 0.17 0.22 0.28 0.28
169.00 36.00 0.08 0.11 0.11 0.11
338.00 70.00 0.03 0.04 0.06 0.09
339.00 239.00 0.02 0.03 0.03 0.04
309.00 16.00 0.06 0.06 0.12 0.19
342.00 159.00 0.01 0.02 0.04 0.06
340.00 39.00 0.05 0.13 0.13 0.13
317.00 19.00 0.16 0.16 0.26 0.32
341.00 18.00 0.00 0.00 0.06 0.06
343.00 213.00 0.01 0.01 0.03 0.04
344.00 166.00 0.01 0.01 0.04 0.05
345.00 211.00 0.01 0.01 0.04 0.04
346.00 150.00 0.02 0.07 0.11 0.13
347.00 154.00 0.03 0.05 0.06 0.08
273.00 21.00 0.00 0.05 0.05 0.05
349.00 29.00 0.00 0.00 0.03 0.07
348.00 56.00 0.02 0.02 0.02 0.02
354.00 218.00 0.01 0.02 0.04 0.06
351.00 42.00 0.02 0.07 0.10 0.12
358.00 35.00 0.06 0.09 0.09 0.09
352.00 36.00 0.06 0.14 0.19 0.22
360.00 97.00 0.01 0.05 0.08 0.09
363.00 197.00 0.02 0.03 0.06 0.08
355.00 25.00 0.04 0.08 0.08 0.16
357.00 72.00 0.01 0.03 0.03 0.04
356.00 21.00 0.00 0.05 0.05 0.10
361.00 108.00 0.02 0.04 0.06 0.07
365.00 44.00 0.00 0.00 0.00 0.02
350.00 48.00 0.08 0.10 0.12 0.12
367.00 55.00 0.09 0.13 0.18 0.18
368.00 34.00 0.12 0.21 0.26 0.29
371.00 48.00 0.00 0.04 0.04 0.06
373.00 213.00 0.02 0.03 0.04 0.06
370.00 68.00 0.04 0.04 0.06 0.06
374.00 199.00 0.02 0.03 0.04 0.07
372.00 65.00 0.05 0.08 0.09 0.11
337.00 30.00 0.07 0.17 0.33 0.40
378.00 332.00 0.01 0.03 0.05 0.06
366.00 30.00 0.17 0.20 0.23 0.30
377.00 31.00 0.00 0.03 0.10 0.10
375.00 25.00 0.04 0.08 0.08 0.16
359.00 26.00 0.12 0.12 0.15 0.19
379.00 179.00 0.02 0.03 0.04 0.06
380.00 127.00 0.02 0.03 0.04 0.08
381.00 106.00 0.02 0.08 0.08 0.09
385.00 204.00 0.01 0.02 0.03 0.03
382.00 43.00 0.00 0.00 0.02 0.07
387.00 233.00 0.01 0.03 0.04 0.04
364.00 16.00 0.00 0.00 0.06 0.06
369.00 20.00 0.20 0.25 0.25 0.25
388.00 50.00 0.00 0.00 0.06 0.06
389.00 232.00 0.01 0.03 0.03 0.05
383.00 67.00 0.00 0.01 0.06 0.06
390.00 25.00 0.00 0.00 0.12 0.12
386.00 21.00 0.10 0.29 0.29 0.33
393.00 392.00 0.02 0.03 0.04 0.05
392.00 99.00 0.02 0.05 0.06 0.07
376.00 30.00 0.00 0.00 0.00 0.03
394.00 135.00 0.05 0.08 0.10 0.13
391.00 104.00 0.00 0.00 0.00 0.01
398.00 154.00 0.02 0.03 0.03 0.05
397.00 82.00 0.04 0.04 0.05 0.06
399.00 240.00 0.02 0.03 0.05 0.06
396.00 47.00 0.02 0.11 0.15 0.17
401.00 111.00 0.01 0.01 0.02 0.06
402.00 62.00 0.00 0.00 0.02 0.05
384.00 22.00 0.05 0.05 0.05 0.18
395.00 51.00 0.06 0.10 0.14 0.16
353.00 16.00 0.06 0.06 0.12 0.19
403.00 40.00 0.05 0.05 0.07 0.07
405.00 179.00 0.02 0.04 0.05 0.07
400.00 20.00 0.05 0.05 0.05 0.05
406.00 287.00 0.01 0.01 0.02 0.03
407.00 196.00 0.03 0.05 0.05 0.08
409.00 159.00 0.02 0.03 0.03 0.06
404.00 33.00 0.03 0.06 0.09 0.12
413.00 43.00 0.00 0.02 0.05 0.14
416.00 426.00 0.01 0.02 0.04 0.05
408.00 23.00 0.00 0.00 0.04 0.13
410.00 20.00 0.05 0.10 0.10 0.15
411.00 56.00 0.07 0.09 0.09 0.09
417.00 289.00 0.02 0.04 0.04 0.06
412.00 49.00 0.04 0.06 0.10 0.10
420.00 36.00 0.03 0.03 0.06 0.06
422.00 80.00 0.03 0.05 0.06 0.11
425.00 136.00 0.04 0.08 0.11 0.12
419.00 31.00 0.10 0.10 0.10 0.13
423.00 57.00 0.02 0.07 0.07 0.11
415.00 21.00 0.05 0.05 0.10 0.10
429.00 352.00 0.01 0.02 0.04 0.05
428.00 52.00 0.04 0.04 0.08 0.08
427.00 29.00 0.03 0.07 0.07 0.10
424.00 32.00 0.03 0.03 0.03 0.06
432.00 53.00 0.00 0.02 0.02 0.06
421.00 54.00 0.07 0.11 0.11 0.13
435.00 294.00 0.02 0.04 0.05 0.07
433.00 31.00 0.03 0.03 0.03 0.06
426.00 96.00 0.01 0.01 0.03 0.06
436.00 134.00 0.00 0.01 0.01 0.02
430.00 55.00 0.02 0.04 0.05 0.05
434.00 36.00 0.00 0.00 0.00 0.03
437.00 217.00 0.02 0.04 0.04 0.06
438.00 29.00 0.07 0.14 0.14 0.17
431.00 19.00 0.11 0.11 0.21 0.26
442.00 110.00 0.03 0.05 0.08 0.09
440.00 45.00 0.02 0.04 0.07 0.11
445.00 32.00 0.00 0.03 0.03 0.06
447.00 120.00 0.02 0.04 0.06 0.07
449.00 63.00 0.02 0.05 0.05 0.08
450.00 506.00 0.01 0.02 0.03 0.04
446.00 21.00 0.05 0.10 0.10 0.19
439.00 28.00 0.00 0.00 0.00 0.00
451.00 51.00 0.02 0.04 0.06 0.12
452.00 153.00 0.01 0.02 0.05 0.06
454.00 157.00 0.01 0.01 0.02 0.04
453.00 119.00 0.03 0.05 0.07 0.08
414.00 22.00 0.05 0.09 0.14 0.14
455.00 175.00 0.02 0.03 0.06 0.07
444.00 21.00 0.05 0.19 0.24 0.29
448.00 26.00 0.00 0.00 0.00 0.04
457.00 251.00 0.02 0.03 0.04 0.06
456.00 190.00 0.02 0.03 0.03 0.04
458.00 153.00 0.01 0.02 0.03 0.03
462.00 28.00 0.00 0.00 0.07 0.14
459.00 97.00 0.04 0.07 0.07 0.08
460.00 57.00 0.04 0.07 0.11 0.12
467.00 36.00 0.00 0.00 0.06 0.06
468.00 134.00 0.01 0.03 0.05 0.06
466.00 82.00 0.02 0.05 0.12 0.15
472.00 250.00 0.03 0.05 0.08 0.10
465.00 72.00 0.03 0.03 0.06 0.07
463.00 78.00 0.00 0.01 0.04 0.06
471.00 21.00 0.19 0.29 0.33 0.48
474.00 317.00 0.01 0.02 0.03 0.04
469.00 43.00 0.02 0.02 0.07 0.07
464.00 49.00 0.00 0.04 0.06 0.08
476.00 68.00 0.01 0.04 0.06 0.10
478.00 87.00 0.00 0.00 0.01 0.02
473.00 32.00 0.03 0.03 0.06 0.06
470.00 53.00 0.02 0.02 0.02 0.06
480.00 54.00 0.02 0.02 0.04 0.04
441.00 18.00 0.00 0.00 0.00 0.00
479.00 162.00 0.02 0.04 0.07 0.09
484.00 127.00 0.06 0.08 0.09 0.11
486.00 143.00 0.01 0.02 0.03 0.03
487.00 193.00 0.02 0.05 0.07 0.08
482.00 23.00 0.04 0.09 0.22 0.26
481.00 54.00 0.04 0.04 0.06 0.09
492.00 48.00 0.04 0.04 0.06 0.06
493.00 113.00 0.02 0.06 0.06 0.08
490.00 33.00 0.00 0.03 0.03 0.09
489.00 87.00 0.02 0.05 0.06 0.07
483.00 44.00 0.07 0.09 0.09 0.25
496.00 84.00 0.05 0.05 0.06 0.07
494.00 42.00 0.02 0.02 0.05 0.10
495.00 192.00 0.03 0.03 0.07 0.07
477.00 35.00 0.06 0.09 0.17 0.26
497.00 216.00 0.02 0.05 0.07 0.09
488.00 129.00 0.02 0.05 0.08 0.09
498.00 123.00 0.03 0.03 0.04 0.07
499.00 92.00 0.02 0.03 0.03 0.05
491.00 28.00 0.04 0.07 0.11 0.11
500.00 182.00 0.01 0.02 0.02 0.03
502.00 26.00 0.00 0.12 0.12 0.12
503.00 139.00 0.01 0.03 0.03 0.04
504.00 228.00 0.01 0.02 0.03 0.04
505.00 99.00 0.05 0.08 0.13 0.16
506.00 204.00 0.02 0.04 0.05 0.07
443.00 17.00 0.06 0.06 0.06 0.06
507.00 56.00 0.04 0.07 0.12 0.18
514.00 181.00 0.01 0.04 0.05 0.06
508.00 78.00 0.04 0.06 0.06 0.06
511.00 20.00 0.00 0.05 0.05 0.05
515.00 27.00 0.00 0.00 0.04 0.04
512.00 18.00 0.00 0.00 0.00 0.00
513.00 22.00 0.18 0.18 0.27 0.32
523.00 99.00 0.00 0.01 0.02 0.02
518.00 66.00 0.02 0.02 0.03 0.03
516.00 21.00 0.10 0.19 0.19 0.19
510.00 18.00 0.11 0.11 0.22 0.22
524.00 251.00 0.01 0.02 0.04 0.04
501.00 73.00 0.01 0.03 0.04 0.04
525.00 44.00 0.00 0.00 0.00 0.00
521.00 125.00 0.02 0.06 0.10 0.10
520.00 18.00 0.00 0.06 0.11 0.11
519.00 36.00 0.00 0.00 0.08 0.08
528.00 46.00 0.07 0.07 0.07 0.07
532.00 248.00 0.01 0.01 0.03 0.05
530.00 43.00 0.02 0.05 0.07 0.12
531.00 20.00 0.10 0.15 0.25 0.25
529.00 38.00 0.05 0.08 0.13 0.13
517.00 27.00 0.07 0.11 0.15 0.19
527.00 123.00 0.02 0.03 0.05 0.05
485.00 18.00 0.06 0.06 0.11 0.17
533.00 205.00 0.02 0.03 0.05 0.07
535.00 207.00 0.00 0.03 0.04 0.06
536.00 148.00 0.04 0.05 0.07 0.09
526.00 46.00 0.00 0.04 0.04 0.07
537.00 335.00 0.01 0.02 0.03 0.04
534.00 75.00 0.01 0.01 0.01 0.03
541.00 116.00 0.03 0.08 0.12 0.13
538.00 76.00 0.01 0.07 0.12 0.13
542.00 120.00 0.00 0.02 0.04 0.04
545.00 146.00 0.05 0.08 0.11 0.15
539.00 52.00 0.02 0.04 0.08 0.08
547.00 20.00 0.05 0.05 0.05 0.05
543.00 180.00 0.02 0.03 0.05 0.07
548.00 129.00 0.03 0.05 0.09 0.10
546.00 52.00 0.04 0.08 0.13 0.13
522.00 29.00 0.03 0.03 0.07 0.07
551.00 270.00 0.01 0.03 0.04 0.05
544.00 18.00 0.00 0.06 0.11 0.17
553.00 99.00 0.01 0.02 0.02 0.05
552.00 74.00 0.00 0.01 0.04 0.04
540.00 61.00 0.02 0.02 0.07 0.07
554.00 108.00 0.03 0.06 0.06 0.06
550.00 32.00 0.06 0.09 0.16 0.19
556.00 38.00 0.03 0.03 0.08 0.08
559.00 65.00 0.02 0.02 0.05 0.06
560.00 87.00 0.00 0.03 0.03 0.03
561.00 269.00 0.01 0.02 0.03 0.04
563.00 25.00 0.08 0.16 0.20 0.20
566.00 116.00 0.02 0.03 0.06 0.07
557.00 46.00 0.00 0.00 0.02 0.07
558.00 19.00 0.05 0.05 0.11 0.11
564.00 31.00 0.06 0.13 0.26 0.26
565.00 34.00 0.06 0.09 0.12 0.15
573.00 48.00 0.00 0.04 0.04 0.06
549.00 24.00 0.08 0.12 0.12 0.12
567.00 143.00 0.01 0.02 0.03 0.03
569.00 62.00 0.00 0.00 0.00 0.00
562.00 52.00 0.08 0.08 0.08 0.08
576.00 33.00 0.00 0.00 0.06 0.09
577.00 180.00 0.03 0.04 0.05 0.08
579.00 67.00 0.01 0.03 0.03 0.04
574.00 38.00 0.00 0.13 0.16 0.16
555.00 51.00 0.02 0.10 0.12 0.16
575.00 16.00 0.00 0.06 0.06 0.06
584.00 21.00 0.19 0.38 0.43 0.43
588.00 189.00 0.02 0.03 0.06 0.07
587.00 69.00 0.01 0.03 0.04 0.06
568.00 63.00 0.00 0.02 0.02 0.06
586.00 140.00 0.02 0.05 0.11 0.14
585.00 68.00 0.01 0.06 0.09 0.10
582.00 49.00 0.06 0.06 0.10 0.12
591.00 78.00 0.01 0.03 0.05 0.08
581.00 25.00 0.00 0.04 0.04 0.12
592.00 290.00 0.01 0.02 0.03 0.04
580.00 38.00 0.11 0.16 0.18 0.18
590.00 39.00 0.00 0.00 0.00 0.03
593.00 132.00 0.02 0.03 0.08 0.10
583.00 26.00 0.04 0.04 0.08 0.12
596.00 18.00 0.17 0.17 0.17 0.22
599.00 40.00 0.00 0.00 0.00 0.00
589.00 32.00 0.03 0.03 0.06 0.06
594.00 24.00 0.12 0.17 0.25 0.25
597.00 35.00 0.06 0.06 0.11 0.14
601.00 100.00 0.03 0.06 0.07 0.08
602.00 28.00 0.07 0.14 0.14 0.14
600.00 75.00 0.05 0.12 0.19 0.24
605.00 76.00 0.01 0.01 0.08 0.08
603.00 40.00 0.07 0.10 0.28 0.38
606.00 222.00 0.01 0.04 0.05 0.06
608.00 137.00 0.00 0.02 0.05 0.07
607.00 36.00 0.03 0.03 0.06 0.06
595.00 71.00 0.00 0.01 0.01 0.01
610.00 67.00 0.03 0.06 0.06 0.09
611.00 38.00 0.03 0.03 0.03 0.05
617.00 63.00 0.06 0.06 0.06 0.08
618.00 170.00 0.02 0.04 0.05 0.06
614.00 27.00 0.00 0.00 0.00 0.00
615.00 89.00 0.02 0.04 0.06 0.06
616.00 40.00 0.03 0.05 0.10 0.12
620.00 98.00 0.05 0.10 0.14 0.16
571.00 17.00 0.00 0.00 0.00 0.06
619.00 69.00 0.04 0.12 0.19 0.20
613.00 27.00 0.00 0.04 0.04 0.04
622.00 180.00 0.03 0.06 0.07 0.08
621.00 147.00 0.04 0.07 0.08 0.10
604.00 19.00 0.16 0.26 0.32 0.32
624.00 130.00 0.01 0.01 0.02 0.02
612.00 21.00 0.00 0.00 0.00 0.00
627.00 138.00 0.03 0.05 0.07 0.10
623.00 40.00 0.05 0.05 0.07 0.07
628.00 25.00 0.00 0.08 0.12 0.12
625.00 98.00 0.06 0.09 0.11 0.12
629.00 112.00 0.03 0.04 0.04 0.06
633.00 51.00 0.04 0.14 0.18 0.20
632.00 104.00 0.05 0.09 0.10 0.11
634.00 114.00 0.02 0.02 0.02 0.03
639.00 100.00 0.02 0.04 0.06 0.06
630.00 86.00 0.01 0.01 0.01 0.01
642.00 262.00 0.03 0.04 0.05 0.07
637.00 48.00 0.04 0.04 0.04 0.04
640.00 107.00 0.04 0.07 0.08 0.08
643.00 195.00 0.01 0.04 0.04 0.05
598.00 21.00 0.00 0.05 0.10 0.14
638.00 56.00 0.07 0.11 0.11 0.18
635.00 26.00 0.04 0.04 0.04 0.04
644.00 41.00 0.02 0.07 0.10 0.12
636.00 20.00 0.00 0.05 0.05 0.05
645.00 118.00 0.02 0.03 0.04 0.05
648.00 210.00 0.03 0.06 0.07 0.08
647.00 57.00 0.04 0.09 0.11 0.12
650.00 255.00 0.02 0.04 0.05 0.06
654.00 127.00 0.04 0.05 0.06 0.08
653.00 150.00 0.02 0.05 0.07 0.09
655.00 489.00 0.01 0.02 0.03 0.04
649.00 21.00 0.14 0.19 0.29 0.29
658.00 67.00 0.03 0.03 0.03 0.03
660.00 106.00 0.08 0.08 0.10 0.13
659.00 180.00 0.03 0.04 0.05 0.06
646.00 31.00 0.00 0.00 0.00 0.03
663.00 138.00 0.01 0.01 0.03 0.04
664.00 153.00 0.01 0.03 0.04 0.05
657.00 22.00 0.00 0.00 0.00 0.00
665.00 125.00 0.01 0.01 0.02 0.03
666.00 229.00 0.02 0.03 0.04 0.04
661.00 112.00 0.04 0.05 0.07 0.07
662.00 20.00 0.00 0.05 0.05 0.05
667.00 44.00 0.00 0.00 0.02 0.05
641.00 39.00 0.00 0.00 0.03 0.08
668.00 37.00 0.05 0.11 0.14 0.16
673.00 32.00 0.00 0.03 0.03 0.06
671.00 104.00 0.03 0.07 0.11 0.13
669.00 78.00 0.01 0.01 0.03 0.06
676.00 58.00 0.07 0.10 0.10 0.14
674.00 37.00 0.08 0.11 0.11 0.11
677.00 38.00 0.03 0.05 0.08 0.08
682.00 304.00 0.02 0.04 0.05 0.05
679.00 55.00 0.07 0.07 0.09 0.09
684.00 73.00 0.01 0.04 0.07 0.08
683.00 58.00 0.00 0.03 0.07 0.09
691.00 29.00 0.03 0.10 0.10 0.10
672.00 20.00 0.00 0.00 0.00 0.00
692.00 33.00 0.03 0.03 0.06 0.06
690.00 89.00 0.01 0.01 0.02 0.04
689.00 32.00 0.09 0.16 0.19 0.19
686.00 68.00 0.01 0.04 0.09 0.12
693.00 112.00 0.01 0.03 0.04 0.04
688.00 23.00 0.04 0.13 0.17 0.17
697.00 86.00 0.02 0.05 0.06 0.08
698.00 73.00 0.07 0.08 0.10 0.11
670.00 39.00 0.08 0.08 0.08 0.08
694.00 157.00 0.02 0.03 0.03 0.05
680.00 37.00 0.03 0.03 0.03 0.05
705.00 96.00 0.06 0.07 0.11 0.18
701.00 33.00 0.03 0.06 0.06 0.09
699.00 127.00 0.02 0.02 0.03 0.03
704.00 78.00 0.01 0.03 0.04 0.06
707.00 195.00 0.03 0.03 0.05 0.06
700.00 21.00 0.10 0.14 0.14 0.24
687.00 18.00 0.06 0.11 0.11 0.17
695.00 27.00 0.04 0.11 0.11 0.15
675.00 27.00 0.00 0.04 0.04 0.07
708.00 75.00 0.00 0.00 0.04 0.04
709.00 120.00 0.03 0.07 0.10 0.14
711.00 200.00 0.03 0.04 0.06 0.08
710.00 80.00 0.03 0.05 0.07 0.09
712.00 151.00 0.03 0.05 0.06 0.09
715.00 129.00 0.03 0.06 0.08 0.09
713.00 22.00 0.05 0.05 0.05 0.05
716.00 238.00 0.00 0.02 0.03 0.04
681.00 16.00 0.06 0.06 0.06 0.06
678.00 24.00 0.00 0.00 0.12 0.17
719.00 45.00 0.02 0.02 0.02 0.02
721.00 148.00 0.03 0.03 0.05 0.07
714.00 38.00 0.08 0.11 0.16 0.18
717.00 78.00 0.01 0.03 0.04 0.06
718.00 33.00 0.00 0.03 0.09 0.12
696.00 26.00 0.08 0.08 0.15 0.19
722.00 38.00 0.03 0.03 0.03 0.05
724.00 34.00 0.00 0.00 0.00 0.06
727.00 214.00 0.02 0.05 0.07 0.08
725.00 23.00 0.09 0.09 0.13 0.17
706.00 23.00 0.13 0.13 0.13 0.13
720.00 29.00 0.00 0.03 0.07 0.07
728.00 23.00 0.00 0.00 0.04 0.09
703.00 39.00 0.00 0.08 0.08 0.08
738.00 137.00 0.04 0.08 0.09 0.12
736.00 16.00 0.00 0.06 0.12 0.12
734.00 55.00 0.05 0.05 0.07 0.11
730.00 27.00 0.00 0.04 0.04 0.07
743.00 30.00 0.00 0.03 0.07 0.07
742.00 22.00 0.00 0.00 0.00 0.05
737.00 30.00 0.03 0.07 0.07 0.10
733.00 72.00 0.00 0.01 0.03 0.06
745.00 40.00 0.00 0.00 0.05 0.05
740.00 17.00 0.06 0.06 0.12 0.18
735.00 44.00 0.02 0.02 0.02 0.02
747.00 256.00 0.00 0.02 0.04 0.04
723.00 19.00 0.11 0.16 0.16 0.16
739.00 25.00 0.08 0.08 0.12 0.16
749.00 275.00 0.02 0.03 0.05 0.07
748.00 103.00 0.04 0.05 0.09 0.11
746.00 58.00 0.07 0.12 0.16 0.22
731.00 62.00 0.02 0.03 0.06 0.06
750.00 25.00 0.08 0.08 0.12 0.16
741.00 87.00 0.01 0.01 0.03 0.08
751.00 138.00 0.03 0.04 0.06 0.11
756.00 86.00 0.00 0.06 0.08 0.09
757.00 146.00 0.05 0.09 0.13 0.15
752.00 55.00 0.00 0.04 0.07 0.09
758.00 320.00 0.01 0.03 0.04 0.05
732.00 16.00 0.06 0.06 0.06 0.06
744.00 26.00 0.00 0.04 0.04 0.08
754.00 30.00 0.00 0.00 0.00 0.00
753.00 47.00 0.02 0.09 0.09 0.09
763.00 117.00 0.00 0.01 0.02 0.03
764.00 102.00 0.01 0.02 0.04 0.05
767.00 37.00 0.03 0.05 0.11 0.11
769.00 21.00 0.05 0.05 0.10 0.10
755.00 28.00 0.04 0.11 0.11 0.14
771.00 55.00 0.02 0.07 0.09 0.11
768.00 46.00 0.00 0.02 0.04 0.04
773.00 114.00 0.01 0.02 0.03 0.04
765.00 19.00 0.05 0.05 0.11 0.16
772.00 31.00 0.06 0.10 0.13 0.13
766.00 155.00 0.01 0.01 0.03 0.04
774.00 64.00 0.05 0.05 0.08 0.11
760.00 30.00 0.03 0.07 0.07 0.20
761.00 37.00 0.08 0.08 0.08 0.11
777.00 31.00 0.03 0.03 0.06 0.10
759.00 29.00 0.03 0.17 0.24 0.28
776.00 84.00 0.01 0.06 0.08 0.08
780.00 49.00 0.08 0.14 0.18 0.24
779.00 36.00 0.11 0.17 0.17 0.19
778.00 43.00 0.00 0.02 0.02 0.02
782.00 136.00 0.01 0.02 0.02 0.04
786.00 107.00 0.03 0.07 0.07 0.07
784.00 39.00 0.00 0.03 0.08 0.13
770.00 61.00 0.03 0.03 0.05 0.05
788.00 215.00 0.02 0.04 0.06 0.07
789.00 30.00 0.03 0.03 0.03 0.07
790.00 163.00 0.02 0.02 0.04 0.04
787.00 45.00 0.04 0.04 0.07 0.11
783.00 28.00 0.04 0.07 0.07 0.07
785.00 25.00 0.00 0.04 0.08 0.08
794.00 37.00 0.03 0.03 0.03 0.03
781.00 34.00 0.15 0.15 0.21 0.21
796.00 304.00 0.02 0.03 0.04 0.06
795.00 128.00 0.05 0.09 0.12 0.15
793.00 51.00 0.02 0.04 0.08 0.12
798.00 203.00 0.03 0.05 0.06 0.08
791.00 22.00 0.09 0.14 0.18 0.23
802.00 63.00 0.10 0.13 0.16 0.17
800.00 27.00 0.07 0.11 0.11 0.11
804.00 310.00 0.02 0.04 0.06 0.08
803.00 20.00 0.10 0.10 0.10 0.10
775.00 27.00 0.04 0.15 0.19 0.19
792.00 38.00 0.03 0.03 0.05 0.05
799.00 23.00 0.00 0.00 0.00 0.04
805.00 203.00 0.01 0.02 0.04 0.04
806.00 124.00 0.02 0.06 0.06 0.06
807.00 194.00 0.04 0.07 0.11 0.13
801.00 23.00 0.13 0.13 0.13 0.17
809.00 16.00 0.12 0.12 0.19 0.31
815.00 154.00 0.01 0.05 0.05 0.08
817.00 29.00 0.03 0.07 0.14 0.17
821.00 60.00 0.02 0.02 0.03 0.03
818.00 16.00 0.06 0.19 0.19 0.19
814.00 26.00 0.15 0.23 0.27 0.31
812.00 16.00 0.06 0.12 0.12 0.19
823.00 176.00 0.02 0.03 0.06 0.07
825.00 126.00 0.02 0.03 0.06 0.11
827.00 26.00 0.04 0.04 0.12 0.15
829.00 56.00 0.02 0.09 0.11 0.11
811.00 20.00 0.00 0.00 0.00 0.00
830.00 92.00 0.05 0.08 0.08 0.10
826.00 111.00 0.04 0.09 0.14 0.20
831.00 55.00 0.02 0.02 0.05 0.13
819.00 25.00 0.00 0.00 0.04 0.04
828.00 75.00 0.03 0.03 0.07 0.08
808.00 22.00 0.05 0.09 0.14 0.23
835.00 99.00 0.01 0.01 0.02 0.05
833.00 170.00 0.01 0.04 0.05 0.08
836.00 42.00 0.00 0.02 0.02 0.05
816.00 22.00 0.05 0.09 0.14 0.14
838.00 89.00 0.06 0.07 0.08 0.09
839.00 41.00 0.02 0.05 0.05 0.12
840.00 193.00 0.04 0.04 0.05 0.06
832.00 18.00 0.22 0.28 0.33 0.33
810.00 26.00 0.08 0.08 0.08 0.08
844.00 74.00 0.05 0.09 0.11 0.12
843.00 115.00 0.06 0.10 0.11 0.18
834.00 49.00 0.04 0.04 0.04 0.08
846.00 349.00 0.01 0.02 0.03 0.04
837.00 31.00 0.00 0.00 0.03 0.06
813.00 18.00 0.06 0.06 0.06 0.17
842.00 23.00 0.00 0.00 0.04 0.09
847.00 104.00 0.03 0.05 0.05 0.05
848.00 134.00 0.02 0.04 0.07 0.08
822.00 19.00 0.16 0.32 0.47 0.58
852.00 45.00 0.07 0.13 0.18 0.22
851.00 169.00 0.01 0.02 0.04 0.05
849.00 23.00 0.04 0.09 0.09 0.09
854.00 166.00 0.02 0.04 0.04 0.05
850.00 48.00 0.10 0.10 0.10 0.10
858.00 18.00 0.06 0.06 0.11 0.22
853.00 29.00 0.07 0.10 0.14 0.17
855.00 21.00 0.05 0.10 0.10 0.10
845.00 23.00 0.00 0.09 0.13 0.13
841.00 29.00 0.00 0.03 0.03 0.10
859.00 36.00 0.00 0.00 0.03 0.06
862.00 160.00 0.02 0.04 0.06 0.07
856.00 20.00 0.00 0.00 0.05 0.10
863.00 67.00 0.00 0.01 0.03 0.06
860.00 57.00 0.02 0.07 0.07 0.09
857.00 16.00 0.00 0.00 0.00 0.00
864.00 268.00 0.02 0.03 0.04 0.05
865.00 24.00 0.00 0.04 0.04 0.04
868.00 119.00 0.03 0.05 0.07 0.08
867.00 90.00 0.03 0.10 0.13 0.14
861.00 40.00 0.03 0.05 0.05 0.10
870.00 216.00 0.01 0.01 0.01 0.05
871.00 101.00 0.03 0.06 0.11 0.14
875.00 86.00 0.03 0.05 0.06 0.07
876.00 20.00 0.00 0.00 0.05 0.10
872.00 61.00 0.00 0.00 0.00 0.02
877.00 73.00 0.01 0.04 0.07 0.10
880.00 308.00 0.02 0.03 0.04 0.05
878.00 101.00 0.05 0.10 0.10 0.12
869.00 28.00 0.00 0.00 0.00 0.00
881.00 200.00 0.01 0.04 0.04 0.06
879.00 25.00 0.08 0.08 0.08 0.08
883.00 255.00 0.02 0.04 0.05 0.07
882.00 125.00 0.02 0.05 0.05 0.08
884.00 36.00 0.00 0.00 0.00 0.06
886.00 192.00 0.02 0.05 0.08 0.08
885.00 83.00 0.04 0.04 0.04 0.05
889.00 280.00 0.01 0.02 0.04 0.06
874.00 33.00 0.03 0.03 0.06 0.09
892.00 211.00 0.02 0.04 0.04 0.05
890.00 101.00 0.03 0.04 0.07 0.09
893.00 53.00 0.06 0.08 0.08 0.08
887.00 137.00 0.03 0.04 0.08 0.11
891.00 47.00 0.02 0.02 0.02 0.04
894.00 231.00 0.02 0.03 0.04 0.06
896.00 223.00 0.01 0.03 0.06 0.07
897.00 172.00 0.02 0.03 0.05 0.06
901.00 110.00 0.05 0.05 0.05 0.07
899.00 112.00 0.04 0.05 0.05 0.07
903.00 119.00 0.02 0.02 0.02 0.03
904.00 42.00 0.02 0.07 0.07 0.10
907.00 144.00 0.01 0.01 0.03 0.04
905.00 35.00 0.06 0.09 0.09 0.09
902.00 40.00 0.10 0.10 0.10 0.20
898.00 24.00 0.00 0.00 0.00 0.04
895.00 18.00 0.11 0.11 0.17 0.17
906.00 40.00 0.05 0.07 0.07 0.10
900.00 17.00 0.06 0.12 0.12 0.12
908.00 70.00 0.04 0.06 0.06 0.06
916.00 272.00 0.01 0.02 0.03 0.05
911.00 90.00 0.03 0.03 0.07 0.07
912.00 47.00 0.04 0.06 0.09 0.11
914.00 16.00 0.19 0.19 0.25 0.38
918.00 82.00 0.02 0.05 0.05 0.05
919.00 184.00 0.01 0.01 0.01 0.02
921.00 85.00 0.07 0.08 0.09 0.12
910.00 46.00 0.00 0.00 0.04 0.07
913.00 110.00 0.02 0.04 0.05 0.05
915.00 18.00 0.00 0.00 0.06 0.06
922.00 106.00 0.07 0.08 0.09 0.14
923.00 72.00 0.03 0.03 0.04 0.06
928.00 32.00 0.03 0.03 0.09 0.12
927.00 101.00 0.04 0.06 0.06 0.07
924.00 77.00 0.04 0.06 0.09 0.09
929.00 43.00 0.05 0.14 0.14 0.19
931.00 56.00 0.04 0.04 0.04 0.05
917.00 28.00 0.00 0.00 0.00 0.00
932.00 213.00 0.01 0.02 0.04 0.05
909.00 26.00 0.00 0.04 0.08 0.08
934.00 154.00 0.02 0.03 0.04 0.06
933.00 102.00 0.01 0.04 0.07 0.11
935.00 36.00 0.03 0.03 0.06 0.06
938.00 81.00 0.01 0.05 0.07 0.07
940.00 90.00 0.02 0.04 0.06 0.10
888.00 20.00 0.00 0.15 0.15 0.20
925.00 26.00 0.04 0.12 0.19 0.27
942.00 78.00 0.01 0.01 0.01 0.04
937.00 32.00 0.00 0.00 0.00 0.03
926.00 18.00 0.06 0.06 0.06 0.06
943.00 124.00 0.03 0.05 0.09 0.10
939.00 45.00 0.00 0.02 0.02 0.02
936.00 124.00 0.01 0.02 0.03 0.04
930.00 43.00 0.00 0.02 0.02 0.05
920.00 21.00 0.05 0.10 0.14 0.14
941.00 19.00 0.05 0.11 0.11 0.16
